"sec"	µA	"mV"
10806.27	-0.848337658680975	127.266792297363
10806.588	-386.722236871719	0.0766191184520721
10807.598	-56.3955195248127	0.0766191184520721
10808.61	-25.3814738243818	0.0380655489861965
10809.621	-16.3558851927519	0.0766191184520721
10810.633	-11.8430899456143	0.0766191184520721
10811.645	-9.87392757087946	0
10812.656	-8.31540115177631	0.0380655489861965
10813.667	-7.41221196949482	0.0380655489861965
10814.678	-6.75582466647029	0
10815.691	-6.34623877704144	0.0766191184520721
10816.701	-5.85368555039167	0.0766191184520721
10817.713	-5.606884136796	0.0766191184520721
10818.724	-5.36113232374191	0.114684671163559
10819.737	-5.03346370533109	0.0766191184520721
10820.748	-4.95049636811018	0.0766191184520721
10821.759	-4.86857956275344	0.114684671163559
10822.77	-4.70474502071738	0.0380655489861965
10823.781	-4.62282774969935	0.0380655489861965
10824.792	-4.54091094434261	0.0766191184520721
10825.803	-4.29410906508565	0.0766191184520721
10826.815	-4.37707640230656	0.0380655489861965
10827.826	-4.21219179406762	0.114684671163559
10828.838	-4.29410906508565	0.0766191184520721
10829.849	-4.04835771769285	0.0766191184520721
10830.86	-4.13027498871088	0.0766191184520721
10831.872	-4.04835771769285	0.0766191184520721
10832.883	-3.88452340848744	0.114684671163559
10833.895	-3.96644044667482	0.0766191184520721
10834.906	-3.96644044667482	0.0766191184520721
10835.918	-3.80260613746941	0.0380655489861965
10836.929	-3.88452340848744	0.0766191184520721
10837.941	-3.63772176206112	0.0766191184520721
10838.952	-3.88452340848744	0.0766191184520721
10839.963	-3.80260613746941	0.114684671163559
10840.975	-3.80260613746941	0.0766191184520721
10841.985	-3.63772176206112	0.0766191184520721
10842.997	-3.63772176206112	0.0766191184520721
10844.008	-3.63772176206112	0.0766191184520721
10845.02	-3.47388745285571	0.0380655489861965
10846.031	-3.55580449104309	0.0766191184520721
10847.043	-3.55580449104309	0.114684671163559
10848.054	-3.39197018183768	0.0766191184520721
10849.065	-3.31005314365029	0.0766191184520721
10850.077	-3.39197018183768	0.0766191184520721
10851.088	-3.39197018183768	0.0766191184520721
10852.1	-3.55580449104309	0.0766191184520721
10853.111	-3.47388745285571	0.0380655489861965
10854.123	-3.39197018183768	0.0766191184520721
10855.134	-3.31005314365029	0.0766191184520721
10856.145	-3.39197018183768	0.0766191184520721
10857.157	-3.22813587263227	0.0766191184520721
10858.168	-3.31005314365029	0.0766191184520721
10859.18	-3.31005314365029	0.0380655489861965
10860.19	-3.22813587263227	0.0766191184520721
10861.202	-3.14621883444488	0.0380655489861965
10862.212	-3.14621883444488	0
10863.224	-3.14621883444488	0.0766191184520721
10864.235	-3.14621883444488	0.0766191184520721
10865.246	-3.22813587263227	0.0766191184520721
10866.258	-3.14621883444488	0.0380655489861965
10867.269	-3.14621883444488	0.0380655489861965
10868.281	-3.14621883444488	0.0766191184520721
10869.292	-3.14621883444488	0.0766191184520721
10870.304	-3.14621883444488	0.0766191184520721
10871.315	-2.98133422620595	0.0766191184520721
10872.327	-3.06430156342685	0.0766191184520721
10873.338	-3.06430156342685	0.0380655489861965
10874.349	-3.06430156342685	0.0380655489861965
10875.361	-2.98133422620595	0.0380655489861965
10876.372	-3.14621883444488	0.0766191184520721
10877.384	-3.06430156342685	0.0380655489861965
10878.395	-3.06430156342685	0.0766191184520721
10879.407	-2.89941718801856	0.0766191184520721
10880.418	-2.98133422620595	0.0766191184520721
10881.429	-2.98133422620595	0.114684671163559
10882.44	-3.06430156342685	0.0766191184520721
10883.451	-2.98133422620595	0
10884.463	-3.06430156342685	0.0380655489861965
10885.474	-3.06430156342685	0.114684671163559
10886.486	-2.89941718801856	0.0380655489861965
10887.497	-3.06430156342685	0.0766191184520721
10888.51	-2.89941718801856	0.0380655489861965
10889.52	-2.98133422620595	0.0380655489861965
10890.532	-2.98133422620595	0.0380655489861965
10891.543	-3.06430156342685	0.114684671163559
10892.555	-2.98133422620595	0.0380655489861965
10893.567	-2.98133422620595	0.0380655489861965
10894.577	-3.06430156342685	0.0766191184520721
10895.589	-3.06430156342685	0
10896.601	-2.89941718801856	0.0766191184520721
10897.612	-2.98133422620595	0.0766191184520721
10898.624	-3.06430156342685	0.0380655489861965
10899.635	-2.98133422620595	0.0380655489861965
10900.646	-2.98133422620595	0.0380655489861965
10901.656	-2.81749991700053	0
10902.668	-2.98133422620595	0
10903.679	-2.98133422620595	0.0766191184520721
10904.692	-2.98133422620595	0.0766191184520721
10905.703	-2.89941718801856	0.0766191184520721
10906.715	-2.89941718801856	0.0380655489861965
10907.726	-2.73558287881315	0.0766191184520721
10908.737	-2.73558287881315	0.114684671163559
10909.749	-2.48983129858971	0.0380655489861965
10910.759	-2.07919534295797	0
10911.772	-2.73558287881315	0.114684671163559
10912.783	-3.06430156342685	0
10913.795	-2.73558287881315	0.0380655489861965
10914.805	-2.48983129858971	0.0380655489861965
10915.817	-2.89941718801856	0
10916.828	-2.81749991700053	0.0380655489861965
10917.839	-2.89941718801856	0
10918.851	-2.98133422620595	0.0766191184520721
10919.862	-2.89941718801856	0.0380655489861965
10920.872	-2.98133422620595	0
10921.883	-2.81749991700053	0.0380655489861965
10922.895	-2.73558287881315	0.0380655489861965
10923.907	-2.57174856960773	0.114684671163559
10924.918	-2.73558287881315	0.0766191184520721
10925.929	-2.65366560779512	0.0380655489861965
10926.941	-2.81749991700053	0.0766191184520721
10927.952	-2.73558287881315	0
10928.963	-2.89941718801856	0.0766191184520721
10929.976	-2.89941718801856	0.0766191184520721
10930.987	-2.65366560779512	0.0766191184520721
10931.998	-2.73558287881315	0
10933.01	-2.73558287881315	0.0766191184520721
10934.022	-2.73558287881315	0.0380655489861965
10935.033	-2.65366560779512	0.0380655489861965
10936.043	-2.89941718801856	0.0766191184520721
10937.055	-2.65366560779512	0.0766191184520721
10938.067	-2.73558287881315	0.114684671163559
10939.078	-2.89941718801856	0.0766191184520721
10940.089	-2.65366560779512	0
10941.1	-2.81749991700053	0
10942.111	-2.73558287881315	0.0380655489861965
10943.123	-2.57174856960773	0.0380655489861965
10944.135	-2.73558287881315	0.0766191184520721
10945.146	-2.57174856960773	0
10946.157	-2.48983129858971	0.0380655489861965
10947.169	-2.40791426040232	0.0380655489861965
10948.181	-2.48983129858971	0.0766191184520721
10949.191	-2.65366560779512	0.0766191184520721
10950.204	-2.57174856960773	0.114684671163559
10951.214	-2.48983129858971	0
10952.226	-2.73558287881315	0.0766191184520721
10953.238	-2.57174856960773	0.0766191184520721
10954.249	-2.65366560779512	0.114684671163559
10955.261	-2.73558287881315	0.0766191184520721
10956.271	-2.65366560779512	0.0380655489861965
10957.283	-2.48983129858971	0
10958.294	-2.48983129858971	0.0380655489861965
10959.306	-2.48983129858971	0.0380655489861965
10960.317	-2.57174856960773	0.0380655489861965
10961.328	-2.89941718801856	0.114684671163559
10962.339	-2.89941718801856	0.0766191184520721
10963.35	-2.48983129858971	0.0766191184520721
10964.363	-2.32494692318141	0.0380655489861965
10965.374	-2.65366560779512	0.0766191184520721
10966.385	-2.65366560779512	0.0766191184520721
10967.396	-2.40791426040232	0.0766191184520721
10968.408	-2.32494692318141	0.0380655489861965
10969.419	-2.24302965216339	0.0766191184520721
10970.431	-2.65366560779512	0.0380655489861965
10971.442	-2.48983129858971	0
10972.454	-2.07919534295797	0.0766191184520721
10973.466	-2.40791426040232	0.114684671163559
10974.477	-2.57174856960773	0
10975.488	-2.40791426040232	0.0766191184520721
10976.499	-2.32494692318141	-0.076131097972393
10977.511	-2.48983129858971	0.0380655489861965
10978.522	-1.99727830477059	0.0766191184520721
10979.532	-2.40791426040232	0.0380655489861965
10980.544	-2.24302965216339	0.114684671163559
10981.554	-2.32494692318141	0.0766191184520721
10982.566	-2.40791426040232	0
10983.577	-2.07919534295797	0
10984.589	-2.40791426040232	0.0380655489861965
10985.6	-2.48983129858971	0.0766191184520721
10986.611	-2.40791426040232	0.0766191184520721
10987.623	-2.40791426040232	0.114684671163559
10988.634	-2.24302965216339	0.0766191184520721
10989.646	-2.48983129858971	0.0766191184520721
10990.657	-2.07919534295797	0.114684671163559
10991.669	-2.32494692318141	0.0380655489861965
10992.68	-2.48983129858971	0.114684671163559
10993.692	-2.81749991700053	0.0380655489861965
10994.703	-2.57174856960773	0.0766191184520721
10995.714	-2.65366560779512	0.114684671163559
10996.726	-2.32494692318141	0
10997.737	-2.48983129858971	0
10998.749	-2.32494692318141	0.0766191184520721
10999.759	-2.161112613976	0.0380655489861965
11000.771	-2.40791426040232	0.0766191184520721
11001.782	-2.24302965216339	0.0766191184520721
11002.794	-2.48983129858971	0.0380655489861965
11003.805	-2.40791426040232	0
11004.816	-2.24302965216339	0.0380655489861965
11005.828	-2.24302965216339	0
11006.839	-2.07919534295797	0.114684671163559
11007.851	-2.48983129858971	0
11008.862	-2.161112613976	0.0380655489861965
11009.874	-2.32494692318141	0.0766191184520721
11010.885	-1.91536103375256	0.0380655489861965
11011.897	-2.40791426040232	0.0380655489861965
11012.908	-1.99727830477059	0.0766191184520721
11013.919	-2.40791426040232	0
11014.931	-2.40791426040232	0
11015.942	-2.32494692318141	0.190815761685371
11016.954	-2.57174856960773	0.0380655489861965
11017.965	-2.24302965216339	0.0380655489861965
11018.976	-2.40791426040232	0.0766191184520721
11019.987	-2.40791426040232	0.0766191184520721
11020.998	-2.40791426040232	0
11022.01	-2.40791426040232	0.0766191184520721
11023.021	-2.48983129858971	0.0380655489861965
11024.033	-1.99727830477059	0
11025.044	-2.24302965216339	0.114684671163559
11026.056	-2.07919534295797	0.0380655489861965
11027.067	-2.32494692318141	0.0766191184520721
11028.079	-2.161112613976	0.0380655489861965
11029.09	-2.07919534295797	0
11030.102	-2.24302965216339	0.0766191184520721
11031.113	-2.24302965216339	0.0380655489861965
11032.124	-2.48983129858971	0.0766191184520721
11033.136	-2.24302965216339	0.0380655489861965
11034.147	-2.07919534295797	0.0766191184520721
11035.159	-2.07919534295797	0.0380655489861965
11036.17	-2.40791426040232	0.0766191184520721
11037.182	-1.99727830477059	0.114684671163559
11038.192	-2.24302965216339	0.0380655489861965
11039.203	-2.07919534295797	0
11040.214	-2.07919534295797	0.0766191184520721
11041.225	-1.99727830477059	0
11042.237	-1.91536103375256	0.0766191184520721
11043.248	-2.24302965216339	0.0766191184520721
11044.261	-2.07919534295797	0.0766191184520721
11045.271	-2.161112613976	0.0766191184520721
11046.284	-2.24302965216339	0.0380655489861965
11047.295	-2.07919534295797	0.0380655489861965
11048.305	-2.07919534295797	0.0766191184520721
11049.318	-2.24302965216339	0.0766191184520721
11050.328	-2.48983129858971	0.0380655489861965
11051.341	-2.161112613976	0.0766191184520721
11052.352	-2.24302965216339	0
11053.363	-1.83344387914985	0.0766191184520721
11054.375	-1.99727830477059	0.114684671163559
11055.385	-1.99727830477059	0
11056.398	-2.32494692318141	0.0766191184520721
11057.409	-1.83344387914985	0.114684671163559
11058.42	-2.07919534295797	0.0380655489861965
11059.43	-1.99727830477059	0.0766191184520721
11060.442	-1.99727830477059	0.0380655489861965
11061.454	-2.07919534295797	0.0766191184520721
11062.465	-2.07919534295797	0.0766191184520721
11063.476	-2.07919534295797	0
11064.488	-2.161112613976	0.0380655489861965
11065.499	-2.24302965216339	0.0766191184520721
11066.511	-1.99727830477059	0.0766191184520721
11067.523	-1.91536103375256	0.0380655489861965
11068.533	-1.99727830477059	0
11069.546	-2.07919534295797	0.0380655489861965
11070.556	-1.99727830477059	0.0766191184520721
11071.569	-2.07919534295797	0.0766191184520721
11072.58	-2.24302965216339	0.0766191184520721
11073.59	-2.07919534295797	0.114684671163559
11074.602	-2.24302965216339	0.0380655489861965
11075.613	-1.83344387914985	0
11076.626	-2.07919534295797	0.0380655489861965
11077.636	-2.07919534295797	0.0380655489861965
11078.648	-1.99727830477059	0.0380655489861965
11079.658	-1.83344387914985	0.0766191184520721
11080.67	-1.99727830477059	0.0766191184520721
11081.681	-1.99727830477059	0.0766191184520721
11082.692	-1.83344387914985	0.114684671163559
11083.705	-2.32494692318141	0.0766191184520721
11084.715	-2.07919534295797	0
11085.727	-1.99727830477059	0.0766191184520721
11086.739	-1.99727830477059	0.0766191184520721
11087.751	-2.07919534295797	0
11088.761	-1.91536103375256	0.0766191184520721
11089.774	-2.161112613976	0.114684671163559
11090.785	-2.24302965216339	0
11091.795	-1.99727830477059	0
11092.807	-2.48983129858971	0.0380655489861965
11093.818	-1.91536103375256	0.0766191184520721
11094.831	-1.91536103375256	0.0766191184520721
11095.842	-1.99727830477059	0.0766191184520721
11096.854	-2.07919534295797	0.0766191184520721
11097.864	-2.24302965216339	0.0766191184520721
11098.876	-2.24302965216339	0.0380655489861965
11099.886	-1.83344387914985	0.0766191184520721
11100.896	-1.66855938732624	0.0766191184520721