"sec"	µA	"mV"
19235.26	-0.930254813283682	83.9550323486328
19235.378	-574.203252792358	0.152750223875046
19236.39	-42.9390519857407	0.0766191184520721
19237.402	-18.3250457048416	0.0766191184520721
19238.412	-12.3356422409415	0.0766191184520721
19239.424	-9.62817575782537	0.0766191184520721
19240.436	-8.31540115177631	0.0766191184520721
19241.448	-7.6590133830905	0.0766191184520721
19242.458	-7.16646062210202	0.0766191184520721
19243.47	-6.67390739545226	0.0766191184520721
19244.482	-6.34623877704144	0.114684671163559
19245.492	-6.1813541688025	0.0766191184520721
19246.504	-6.01752009242773	0.114684671163559
19247.514	-5.77176827937365	0.114684671163559
19248.526	-5.77176827937365	0.114684671163559
19249.538	-5.606884136796	0.0766191184520721
19250.55	-5.11538097634912	0.114684671163559
19251.56	-4.62282774969935	0
19252.572	-5.606884136796	0.114684671163559
19253.584	-5.52496686577797	0.0766191184520721
19254.594	-5.19729824736714	0.0766191184520721
19255.606	-4.54091094434261	0.0766191184520721
19256.618	-5.77176827937365	0.0766191184520721
19257.63	-5.52496686577797	0.0766191184520721
19258.64	-5.36113232374191	0.0380655489861965
19259.652	-5.03346370533109	0.0766191184520721
19260.662	-5.19729824736714	0.114684671163559
19261.674	-5.03346370533109	0.152750223875046
19262.686	-5.44304959475994	0.0766191184520721
19263.696	-4.21219179406762	0.114684671163559
19264.708	-4.54091094434261	0.0766191184520721
19265.72	-5.11538097634912	0.0766191184520721
19266.732	-5.52496686577797	0.114684671163559
19267.742	-4.54091094434261	0.0766191184520721
19268.754	-5.36113232374191	0.0766191184520721
19269.764	-5.11538097634912	0.0766191184520721
19270.776	-5.19729824736714	0.114684671163559
19271.788	-5.11538097634912	0.0766191184520721
19272.798	-5.19729824736714	0
19273.81	-5.11538097634912	0.114684671163559
19274.822	-5.27921551838517	0.114684671163559
19275.834	-5.27921551838517	0.114684671163559
19276.844	-5.36113232374191	0.0766191184520721
19277.856	-5.19729824736714	0.0380655489861965
19278.868	-5.19729824736714	0.114684671163559
19279.88	-5.19729824736714	0.0766191184520721
19280.89	-5.19729824736714	0.114684671163559
19281.902	-5.11538097634912	0.0380655489861965
19282.914	-5.19729824736714	0.0766191184520721
19283.924	-5.19729824736714	0.0766191184520721
19284.936	-5.11538097634912	0
19285.948	-5.03346370533109	0
19286.958	-5.11538097634912	0.0766191184520721
19287.97	-5.11538097634912	0.0380655489861965
19288.982	-4.95049636811018	0.114684671163559
19289.992	-5.11538097634912	0.0380655489861965
19291.004	-5.11538097634912	0.0380655489861965
19292.016	-5.03346370533109	0.0766191184520721
19293.026	-4.95049636811018	0.0766191184520721
19294.038	-5.19729824736714	0.0766191184520721
19295.05	-5.11538097634912	0.0766191184520721
19296.062	-5.11538097634912	0.0766191184520721
19297.074	-5.11538097634912	0.0766191184520721
19298.084	-5.19729824736714	0.0766191184520721
19299.096	-5.19729824736714	0.0766191184520721
19300.106	-5.03346370533109	0.0766191184520721
19301.118	-5.19729824736714	0.0766191184520721
19302.13	-5.11538097634912	0.0766191184520721
19303.142	-5.11538097634912	0.0766191184520721
19304.154	-5.11538097634912	0.0766191184520721
19305.166	-5.19729824736714	0.0766191184520721
19306.176	-5.11538097634912	0.0766191184520721
19307.186	-5.11538097634912	0.114684671163559
19308.198	-5.11538097634912	0.0766191184520721
19309.208	-5.11538097634912	0.0766191184520721
19310.222	-5.19729824736714	0.114684671163559
19311.232	-5.11538097634912	0.0766191184520721
19312.244	-5.11538097634912	0.0766191184520721
19313.254	-5.11538097634912	0.0766191184520721
19314.268	-5.11538097634912	0.0766191184520721
19315.278	-5.11538097634912	0
19316.29	-5.19729824736714	0.0766191184520721
19317.302	-5.19729824736714	0.114684671163559
19318.312	-5.11538097634912	0.114684671163559
19319.324	-5.11538097634912	0.0380655489861965
19320.334	-5.19729824736714	0.0766191184520721
19321.346	-5.03346370533109	0
19322.358	-5.11538097634912	0.0766191184520721
19323.368	-5.11538097634912	0.0766191184520721
19324.38	-5.11538097634912	0.0766191184520721
19325.39	-5.03346370533109	0.0766191184520721
19326.402	-5.11538097634912	0.0766191184520721
19327.414	-5.19729824736714	0.114684671163559
19328.426	-5.19729824736714	0.114684671163559
19329.436	-5.11538097634912	0.0766191184520721
19330.448	-5.19729824736714	0.0766191184520721
19331.458	-5.11538097634912	0.0766191184520721
19332.472	-5.03346370533109	0.0380655489861965
19333.482	-5.11538097634912	0.0766191184520721
19334.492	-5.03346370533109	0.0766191184520721
19335.504	-5.19729824736714	0.0766191184520721
19336.516	-5.03346370533109	0.114684671163559
19337.528	-5.11538097634912	0.0766191184520721
19338.54	-5.03346370533109	0.114684671163559
19339.552	-5.11538097634912	0.114684671163559
19340.562	-5.19729824736714	0.0380655489861965
19341.574	-5.03346370533109	0.0766191184520721
19342.586	-4.95049636811018	0.114684671163559
19343.596	-5.03346370533109	0.114684671163559
19344.608	-5.11538097634912	0.0766191184520721
19345.618	-5.03346370533109	0.0766191184520721
19346.63	-5.03346370533109	0.0766191184520721
19347.642	-5.03346370533109	0.0766191184520721
19348.654	-5.11538097634912	0.0380655489861965
19349.664	-5.11538097634912	0.0766191184520721
19350.674	-5.03346370533109	0.0766191184520721
19351.686	-5.19729824736714	0.0766191184520721
19352.698	-5.19729824736714	0.0766191184520721
19353.71	-4.95049636811018	0.114684671163559
19354.72	-5.03346370533109	0.0766191184520721
19355.732	-4.95049636811018	0.114684671163559
19356.744	-4.86857956275344	0.0766191184520721
19357.756	-4.95049636811018	0.0766191184520721
19358.768	-4.95049636811018	0.0766191184520721
19359.778	-4.95049636811018	0.114684671163559
19360.79	-5.11538097634912	0.0766191184520721
19361.8	-4.95049636811018	0.0766191184520721
19362.812	-5.03346370533109	0.114684671163559
19363.824	-5.11538097634912	0.114684671163559
19364.836	-4.95049636811018	0.0766191184520721
19365.846	-5.11538097634912	0.114684671163559
19366.858	-5.03346370533109	0.152750223875046
19367.87	-4.86857956275344	0.114684671163559
19368.88	-4.95049636811018	0.0766191184520721
19369.892	-4.86857956275344	0.0766191184520721
19370.904	-5.03346370533109	0.0766191184520721
19371.914	-4.95049636811018	0.0766191184520721
19372.926	-4.95049636811018	0.0380655489861965
19373.938	-4.95049636811018	0.0380655489861965
19374.948	-4.95049636811018	0.114684671163559
19375.96	-4.95049636811018	0.0766191184520721
19376.972	-4.95049636811018	0.0766191184520721
19377.984	-4.95049636811018	0.114684671163559
19378.996	-4.95049636811018	0.114684671163559
19380.004	-5.03346370533109	0.114684671163559
19381.016	-5.11538097634912	0.0766191184520721
19382.028	-5.11538097634912	0.0766191184520721
19383.04	-4.95049636811018	0.114684671163559
19384.05	-4.95049636811018	0.0380655489861965
19385.062	-4.95049636811018	0.114684671163559
19386.072	-5.11538097634912	0.0766191184520721
19387.084	-4.95049636811018	0.114684671163559
19388.096	-5.11538097634912	0.114684671163559
19389.106	-5.03346370533109	0.114684671163559
19390.118	-4.95049636811018	0.0766191184520721
19391.13	-4.95049636811018	0.114684671163559
19392.142	-5.11538097634912	0.114684671163559
19393.152	-5.03346370533109	0.0766191184520721
19394.164	-4.95049636811018	0.0766191184520721
19395.176	-4.95049636811018	0.0766191184520721
19396.186	-4.95049636811018	0.0766191184520721
19397.198	-4.95049636811018	0.114684671163559
19398.21	-4.86857956275344	0.114684671163559
19399.222	-4.95049636811018	0.114684671163559
19400.232	-4.95049636811018	0.0766191184520721
19401.244	-5.03346370533109	0.0766191184520721
19402.256	-4.95049636811018	0.0766191184520721
19403.268	-5.11538097634912	0.0766191184520721
19404.278	-4.95049636811018	0.114684671163559
19405.288	-4.95049636811018	0.0380655489861965
19406.3	-4.86857956275344	0.0766191184520721
19407.312	-4.86857956275344	0.0766191184520721
19408.324	-4.86857956275344	0.114684671163559
19409.334	-4.95049636811018	0.114684671163559
19410.346	-4.95049636811018	0.0766191184520721
19411.358	-5.03346370533109	0.0766191184520721
19412.368	-4.95049636811018	0.0766191184520721
19413.38	-5.03346370533109	0.0766191184520721
19414.392	-5.03346370533109	0.114684671163559
19415.404	-4.95049636811018	0.0766191184520721
19416.414	-4.86857956275344	0.114684671163559
19417.426	-5.03346370533109	0.114684671163559
19418.438	-5.03346370533109	0.0380655489861965
19419.45	-4.86857956275344	0.0766191184520721
19420.46	-5.11538097634912	0.0766191184520721
19421.472	-4.95049636811018	0
19422.484	-4.95049636811018	0.0766191184520721
19423.494	-5.03346370533109	0.114684671163559
19424.506	-5.03346370533109	0.114684671163559
19425.516	-5.03346370533109	0.114684671163559
19426.528	-4.95049636811018	0.114684671163559
19427.54	-5.03346370533109	0.0766191184520721
19428.552	-4.95049636811018	0.0766191184520721
19429.562	-5.03346370533109	0.114684671163559
19430.574	-4.95049636811018	0.114684671163559
19431.586	-5.03346370533109	0.0766191184520721
19432.596	-4.95049636811018	0.152750223875046
19433.608	-4.95049636811018	0.0766191184520721
19434.62	-5.03346370533109	0.114684671163559
19435.632	-5.03346370533109	0.0380655489861965
19436.642	-4.86857956275344	0.0380655489861965
19437.654	-4.95049636811018	0.0766191184520721
19438.666	-4.95049636811018	0.0766191184520721
19439.676	-4.95049636811018	0.0766191184520721
19440.688	-4.70474502071738	0
19441.698	-4.95049636811018	0.114684671163559
19442.71	-4.95049636811018	0.114684671163559
19443.722	-4.95049636811018	0.114684671163559
19444.732	-4.95049636811018	0.114684671163559
19445.744	-4.95049636811018	0.114684671163559
19446.756	-4.95049636811018	0.0766191184520721
19447.766	-4.95049636811018	0.0766191184520721
19448.778	-4.86857956275344	0.114684671163559
19449.79	-4.95049636811018	0.0766191184520721
19450.802	-4.86857956275344	0.0766191184520721
19451.814	-4.86857956275344	0.0766191184520721
19452.824	-4.95049636811018	0.0766191184520721
19453.836	-4.95049636811018	0.0766191184520721
19454.848	-4.86857956275344	0.0766191184520721
19455.86	-5.03346370533109	0.0766191184520721
19456.87	-4.95049636811018	0.0766191184520721
19457.882	-4.95049636811018	0.0766191184520721
19458.892	-5.03346370533109	0.114684671163559
19459.904	-4.86857956275344	0.0766191184520721
19460.916	-4.86857956275344	0.114684671163559
19461.926	-4.95049636811018	0.0766191184520721
19462.938	-5.03346370533109	0
19463.95	-4.86857956275344	0.114684671163559
19464.96	-4.95049636811018	0.152750223875046
19465.972	-4.86857956275344	0
19466.982	-4.86857956275344	0.114684671163559
19467.994	-4.95049636811018	0.114684671163559
19469.006	-4.95049636811018	0.0766191184520721
19470.018	-5.03346370533109	0.0766191184520721
19471.028	-4.86857956275344	0.0766191184520721
19472.042	-4.78666229173541	0.0766191184520721
19473.052	-4.95049636811018	0.152750223875046
19474.062	-4.95049636811018	0.0766191184520721
19475.076	-4.95049636811018	0.0766191184520721
19476.086	-4.95049636811018	0.0380655489861965
19477.098	-4.95049636811018	0.0766191184520721
19478.11	-4.95049636811018	0.0766191184520721
19479.12	-4.86857956275344	0.0766191184520721
19480.132	-4.86857956275344	0.114684671163559
19481.144	-4.95049636811018	0.0766191184520721
19482.154	-5.03346370533109	0.114684671163559
19483.166	-4.95049636811018	0.114684671163559
19484.176	-4.95049636811018	0.114684671163559
19485.188	-4.95049636811018	0.114684671163559
19486.2	-4.86857956275344	0.0766191184520721
19487.21	-4.95049636811018	0.152750223875046
19488.222	-4.95049636811018	0.0766191184520721
19489.234	-4.95049636811018	0.114684671163559
19490.246	-4.95049636811018	0.152750223875046
19491.256	-4.86857956275344	0.114684671163559
19492.268	-4.70474502071738	0.0380655489861965
19493.28	-4.86857956275344	0.114684671163559
19494.29	-4.86857956275344	0.0766191184520721
19495.302	-4.70474502071738	0.0766191184520721
19496.314	-4.86857956275344	0.0766191184520721
19497.326	-4.95049636811018	0.114684671163559
19498.338	-4.95049636811018	0.114684671163559
19499.348	-4.86857956275344	0.0766191184520721
19500.36	-4.95049636811018	0.114684671163559