"sec"	µA	"mV"
8702.079	-0.848337658680975	159.369232177734
8702.868	-158.545151352882	0.0766191184520721
8703.88	-48.1901504099369	0.0380655489861965
8704.891	-27.4325534701347	0
8705.904	-19.1452689468861	0.0766191184520721
8706.915	-15.1250269263983	0.0380655489861965
8707.925	-12.9920300096273	0.0380655489861965
8708.937	-11.3505367189646	0.0766191184520721
8709.948	-10.4483971372247	0.0380655489861965
8710.96	-9.54520888626575	0.0380655489861965
8711.971	-8.88882111757994	0.114684671163559
8712.982	-8.72498657554388	0.114684671163559
8713.993	-8.15051607787609	0.0766191184520721
8715.005	-7.98668246716261	0.0766191184520721
8716.016	-7.6590133830905	0
8717.027	-7.41221196949482	-0.0380655489861965
8718.039	-7.24837742745876	0.0766191184520721
8719.05	-6.5100728534162	0.0766191184520721
8720.062	-6.91965874284506	0.0766191184520721
8721.073	-6.75582466647029	0.0766191184520721
8722.085	-6.5100728534162	0.0766191184520721
8723.096	-6.5100728534162	0.0766191184520721
8724.107	-6.5100728534162	0.0380655489861965
8725.119	-6.1813541688025	0.0766191184520721
8726.13	-6.26327143982053	0.114684671163559
8727.142	-6.26327143982053	0.0766191184520721
8728.153	-6.01752009242773	0.0766191184520721
8729.165	-6.01752009242773	0.0380655489861965
8730.176	-5.9356028214097	0.0380655489861965
8731.188	-6.01752009242773	0.114684671163559
8732.199	-5.77176827937365	0.0380655489861965
8733.209	-6.09943689778447	0.0380655489861965
8734.221	-5.77176827937365	0.0766191184520721
8735.232	-5.6898514740169	0
8736.244	-5.77176827937365	0.114684671163559
8737.255	-5.606884136796	0
8738.267	-5.606884136796	0.114684671163559
8739.278	-5.44304959475994	0.0766191184520721
8740.29	-5.606884136796	0.0380655489861965
8741.301	-5.606884136796	0.0766191184520721
8742.312	-5.44304959475994	0.0380655489861965
8743.324	-5.606884136796	0.114684671163559
8744.335	-5.44304959475994	0.0766191184520721
8745.347	-5.44304959475994	0.0766191184520721
8746.358	-5.44304959475994	0.0766191184520721
8747.37	-5.36113232374191	0.0766191184520721
8748.381	-5.36113232374191	0.0380655489861965
8749.393	-5.36113232374191	0.0766191184520721
8750.404	-5.36113232374191	0.0766191184520721
8751.415	-5.19729824736714	0.0380655489861965
8752.426	-5.44304959475994	0.0766191184520721
8753.437	-5.27921551838517	0
8754.449	-5.36113232374191	0.0380655489861965
8755.46	-5.27921551838517	0.0380655489861965
8756.472	-5.19729824736714	0
8757.483	-5.27921551838517	0
8758.495	-5.19729824736714	0.0380655489861965
8759.506	-5.27921551838517	0
8760.516	-5.19729824736714	0.0380655489861965
8761.528	-5.27921551838517	0.0380655489861965
8762.539	-5.27921551838517	0.0766191184520721
8763.551	-5.11538097634912	0.0380655489861965
8764.562	-5.11538097634912	0.0766191184520721
8765.574	-5.27921551838517	0.0766191184520721
8766.585	-5.03346370533109	0.0766191184520721
8767.597	-5.11538097634912	0.0766191184520721
8768.608	-5.19729824736714	0
8769.619	-5.11538097634912	0.0380655489861965
8770.631	-5.19729824736714	0.0380655489861965
8771.642	-5.11538097634912	0.0766191184520721
8772.653	-5.11538097634912	0.0380655489861965
8773.665	-5.19729824736714	0
8774.675	-5.03346370533109	0
8775.688	-5.03346370533109	0.0380655489861965
8776.699	-5.11538097634912	0
8777.711	-5.19729824736714	0
8778.722	-4.95049636811018	0.0380655489861965
8779.734	-5.11538097634912	0.114684671163559
8780.745	-5.03346370533109	0.114684671163559
8781.756	-5.11538097634912	0
8782.768	-4.95049636811018	0.0380655489861965
8783.78	-4.95049636811018	0.0380655489861965
8784.79	-4.95049636811018	0.0766191184520721
8785.801	-4.95049636811018	0.0766191184520721
8786.813	-4.95049636811018	0.114684671163559
8787.824	-4.86857956275344	0.0766191184520721
8788.836	-4.86857956275344	0.0766191184520721
8789.848	-4.86857956275344	0
8790.86	-4.86857956275344	0
8791.869	-4.86857956275344	0.0766191184520721
8792.881	-5.03346370533109	0
8793.892	-4.86857956275344	0.0766191184520721
8794.903	-4.95049636811018	0.0766191184520721
8795.915	-4.86857956275344	0.114684671163559
8796.926	-4.86857956275344	0.0766191184520721
8797.938	-4.86857956275344	0.0766191184520721
8798.95	-4.86857956275344	0.0766191184520721
8799.961	-4.95049636811018	0.0766191184520721
8800.973	-4.86857956275344	0
8801.985	-4.86857956275344	0.0766191184520721
8802.996	-4.70474502071738	0.0766191184520721
8804.007	-4.95049636811018	0.0766191184520721
8805.018	-4.86857956275344	0.0380655489861965
8806.029	-4.95049636811018	0.0766191184520721
8807.041	-4.78666229173541	0.0766191184520721
8808.052	-4.95049636811018	0.0766191184520721
8809.064	-4.95049636811018	0.0380655489861965
8810.076	-4.78666229173541	0.0380655489861965
8811.087	-4.86857956275344	0
8812.098	-4.70474502071738	0
8813.108	-4.86857956275344	0.0766191184520721
8814.12	-4.86857956275344	0
8815.132	-4.86857956275344	0.0380655489861965
8816.144	-4.86857956275344	0
8817.154	-4.78666229173541	0.0380655489861965
8818.166	-4.86857956275344	0
8819.178	-4.86857956275344	0.0380655489861965
8820.187	-4.70474502071738	0.0766191184520721
8821.199	-4.70474502071738	0
8822.211	-4.86857956275344	0.0766191184520721
8823.223	-4.86857956275344	0
8824.233	-4.86857956275344	0.0766191184520721
8825.245	-4.86857956275344	0.0380655489861965
8826.256	-4.70474502071738	0.0766191184520721
8827.268	-4.78666229173541	0.0766191184520721
8828.279	-4.86857956275344	0.0766191184520721
8829.291	-4.70474502071738	0
8830.302	-4.70474502071738	0
8831.313	-4.86857956275344	0.114684671163559
8832.325	-4.95049636811018	0.0380655489861965
8833.336	-4.70474502071738	0.0766191184520721
8834.347	-4.70474502071738	0.0380655489861965
8835.358	-4.70474502071738	0.0766191184520721
8836.371	-4.70474502071738	0.0766191184520721
8837.381	-4.70474502071738	0
8838.393	-4.78666229173541	0
8839.405	-4.70474502071738	0.0766191184520721
8840.415	-4.70474502071738	0.0380655489861965
8841.427	-4.70474502071738	0
8842.439	-4.70474502071738	0
8843.451	-4.78666229173541	0.0766191184520721
8844.461	-4.78666229173541	0.0766191184520721
8845.473	-4.70474502071738	0.0766191184520721
8846.485	-4.70474502071738	0
8847.495	-4.86857956275344	0.0380655489861965
8848.507	-4.70474502071738	0.0766191184520721
8849.518	-4.78666229173541	0.0380655489861965
8850.529	-4.70474502071738	0.0766191184520721
8851.54	-4.78666229173541	0.0766191184520721
8852.553	-4.70474502071738	0.0766191184520721
8853.564	-4.70474502071738	0.0380655489861965
8854.575	-4.70474502071738	0.0766191184520721
8855.586	-4.70474502071738	0.0766191184520721
8856.598	-4.62282774969935	0.0380655489861965
8857.609	-4.62282774969935	0.0766191184520721
8858.621	-4.86857956275344	0.0766191184520721
8859.632	-4.54091094434261	0.0380655489861965
8860.643	-4.70474502071738	0.0766191184520721
8861.656	-4.78666229173541	0.0766191184520721
8862.667	-4.70474502071738	0.0766191184520721
8863.679	-4.70474502071738	0.0766191184520721
8864.689	-4.78666229173541	0
8865.7	-4.70474502071738	0.0766191184520721
8866.712	-4.62282774969935	0.0766191184520721
8867.723	-4.95049636811018	0.0766191184520721
8868.735	-4.70474502071738	0.0380655489861965
8869.746	-4.70474502071738	0.114684671163559
8870.757	-4.62282774969935	0.0380655489861965
8871.768	-4.70474502071738	0.0766191184520721
8872.779	-4.54091094434261	0.0380655489861965
8873.791	-4.62282774969935	0.0766191184520721
8874.802	-4.86857956275344	0.0766191184520721
8875.814	-4.54091094434261	0.0766191184520721
8876.825	-4.70474502071738	0.0766191184520721
8877.837	-4.70474502071738	0.0766191184520721
8878.848	-4.70474502071738	0.0766191184520721
8879.86	-4.70474502071738	0.0380655489861965
8880.87	-4.62282774969935	0.0766191184520721
8881.881	-4.62282774969935	0.0766191184520721
8882.893	-4.62282774969935	0.0766191184520721
8883.904	-4.70474502071738	0.0766191184520721
8884.916	-4.70474502071738	0.0380655489861965
8885.927	-4.70474502071738	0.114684671163559
8886.939	-4.54091094434261	0.0766191184520721
8887.95	-4.70474502071738	0.0380655489861965
8888.962	-4.62282774969935	0.114684671163559
8889.972	-4.70474502071738	0.0380655489861965
8890.983	-4.54091094434261	0.0766191184520721
8891.995	-4.78666229173541	0.0766191184520721
8893.006	-4.54091094434261	0
8894.018	-4.62282774969935	0.114684671163559
8895.029	-4.62282774969935	0
8896.041	-4.54091094434261	0.0380655489861965
8897.052	-4.54091094434261	0.114684671163559
8898.063	-4.37707640230656	0.0380655489861965
8899.075	-4.70474502071738	0.0766191184520721
8900.086	-4.62282774969935	0.0766191184520721
8901.098	-4.70474502071738	0.0380655489861965
8902.109	-4.54091094434261	0.0380655489861965
8903.121	-4.54091094434261	0.0766191184520721
8904.132	-4.70474502071738	0.0766191184520721
8905.144	-4.54091094434261	0.0380655489861965
8906.155	-4.45899367332458	0.0380655489861965
8907.166	-4.54091094434261	0.0380655489861965
8908.178	-4.54091094434261	0.114684671163559
8909.189	-4.45899367332458	0.0380655489861965
8910.2	-4.29410906508565	0.0380655489861965
8911.211	-4.54091094434261	0.0380655489861965
8912.223	-4.37707640230656	0.0766191184520721
8913.234	-4.45899367332458	0.114684671163559
8914.246	-4.45899367332458	0.0380655489861965
8915.257	-4.45899367332458	0.0766191184520721
8916.268	-4.45899367332458	0.0766191184520721
8917.28	-4.37707640230656	0.0380655489861965
8918.291	-4.62282774969935	0.0380655489861965
8919.303	-4.62282774969935	0.0380655489861965
8920.314	-4.37707640230656	0.0380655489861965
8921.326	-4.45899367332458	0.0766191184520721
8922.337	-4.37707640230656	0.0380655489861965
8923.349	-4.37707640230656	0.0766191184520721
8924.36	-4.37707640230656	0.0766191184520721
8925.371	-4.54091094434261	0.0766191184520721
8926.383	-4.29410906508565	0.114684671163559
8927.394	-4.29410906508565	0.0766191184520721
8928.406	-4.29410906508565	0
8929.417	-4.29410906508565	0.0380655489861965
8930.429	-4.54091094434261	0.0766191184520721
8931.44	-4.62282774969935	0.0766191184520721
8932.45	-4.45899367332458	0.0766191184520721
8933.462	-4.37707640230656	0.0380655489861965
8934.474	-4.45899367332458	0
8935.486	-4.45899367332458	0.0380655489861965
8936.496	-4.45899367332458	0.0766191184520721
8937.509	-4.45899367332458	0.0766191184520721
8938.519	-4.45899367332458	0
8939.532	-4.54091094434261	0.0766191184520721
8940.541	-4.45899367332458	0
8941.552	-4.54091094434261	0.114684671163559
8942.564	-4.37707640230656	0.0766191184520721
8943.576	-4.45899367332458	0.0766191184520721
8944.588	-4.45899367332458	0.0766191184520721
8945.598	-4.54091094434261	0.0766191184520721
8946.611	-4.45899367332458	0.114684671163559
8947.622	-4.54091094434261	0.114684671163559
8948.633	-4.45899367332458	0.0766191184520721
8949.643	-4.45899367332458	0.0766191184520721
8950.655	-4.37707640230656	0.0766191184520721
8951.666	-4.45899367332458	0.0766191184520721
8952.677	-4.45899367332458	0.0766191184520721
8953.69	-4.45899367332458	0.0766191184520721
8954.701	-4.54091094434261	0.0766191184520721
8955.712	-4.37707640230656	0.0380655489861965
8956.724	-4.45899367332458	0.114684671163559
8957.736	-4.45899367332458	0.114684671163559
8958.746	-4.45899367332458	0.114684671163559
8959.757	-4.45899367332458	0.114684671163559
8960.77	-4.54091094434261	0.0766191184520721
8961.781	-4.54091094434261	0
8962.792	-4.54091094434261	0
8963.803	-4.54091094434261	0.114684671163559
8964.816	-4.45899367332458	0.0766191184520721
8965.827	-4.54091094434261	0.0766191184520721
8966.838	-4.54091094434261	0.114684671163559
8967.85	-4.70474502071738	0.0766191184520721
8968.859	-4.45899367332458	0
8969.871	-4.45899367332458	0.0766191184520721
8970.883	-4.54091094434261	0.0766191184520721
8971.895	-4.29410906508565	0.0766191184520721
8972.906	-4.45899367332458	0.0380655489861965
8973.918	-4.37707640230656	0.0380655489861965
8974.929	-4.45899367332458	0
8975.941	-4.37707640230656	0.0380655489861965
8976.951	-4.45899367332458	0.0766191184520721
8977.963	-4.37707640230656	0.0380655489861965
8978.975	-4.54091094434261	0.0380655489861965
8979.985	-4.45899367332458	0.0766191184520721
8980.998	-4.37707640230656	0.0766191184520721
8982.008	-4.62282774969935	0.0766191184520721
8983.02	-4.54091094434261	0.0766191184520721
8984.031	-4.45899367332458	0.0766191184520721
8985.043	-4.45899367332458	0.0766191184520721
8986.054	-4.45899367332458	0.0380655489861965
8987.065	-4.45899367332458	0.0766191184520721
8988.076	-4.45899367332458	0.0766191184520721
8989.088	-4.29410906508565	0.114684671163559
8990.099	-4.21219179406762	0.0766191184520721
8991.111	-4.29410906508565	0.0766191184520721
8992.123	-4.37707640230656	0.0766191184520721
8993.133	-4.29410906508565	0.0380655489861965
8994.144	-4.29410906508565	0.0380655489861965
8995.157	-4.45899367332458	0.0766191184520721
8996.168	-4.37707640230656	0.0766191184520721
8997.179	-4.29410906508565	0.0766191184520721
8998.19	-4.54091094434261	0.0766191184520721
8999.202	-4.45899367332458	0.0766191184520721
9000.212	-4.45899367332458	0.0766191184520721