"sec"	µA	"mV"
13501.259	-0.848337658680975	15.3653049468994
13501.897	-43.6773560941219	0.0766191184520721
13502.909	-22.5091222673655	0.0766191184520721
13503.92	-16.4378006011248	0
13504.932	-13.0739472806454	0.0380655489861965
13505.943	-10.7760662212968	0
13506.954	-9.21753980219364	0.0766191184520721
13507.966	-7.98668246716261	0.0766191184520721
13508.977	-6.91965874284506	0.152750223875046
13509.989	-6.26327143982053	0.0766191184520721
13511	-5.44304959475994	0.0766191184520721
13512.012	-5.03346370533109	0.114684671163559
13513.022	-4.37707640230656	0.114684671163559
13514.034	-4.21219179406762	0.0766191184520721
13515.045	-3.96644044667482	0.0766191184520721
13516.056	-3.63772176206112	0.0380655489861965
13517.068	-3.39197018183768	0.0380655489861965
13518.079	-3.14621883444488	0.0380655489861965
13519.091	-3.06430156342685	0.0766191184520721
13520.102	-2.98133422620595	0.0766191184520721
13521.114	-2.73558287881315	0.114684671163559
13522.125	-2.73558287881315	0.0766191184520721
13523.137	-2.57174856960773	0.114684671163559
13524.148	-2.40791426040232	0.0766191184520721
13525.159	-1.83344387914985	0.114684671163559
13526.171	-1.91536103375256	0.0766191184520721
13527.182	-1.83344387914985	0.0766191184520721
13528.194	-1.75152672454715	0.114684671163559
13529.205	-1.83344387914985	0.0766191184520721
13530.217	-1.75152672454715	0.0766191184520721
13531.228	-1.75152672454715	0.0766191184520721
13532.24	-2.07919534295797	0.0766191184520721
13533.25	-1.66855938732624	0.0766191184520721
13534.261	-1.99727830477059	0.0766191184520721
13535.274	-1.66855938732624	0
13536.284	-1.99727830477059	0.114684671163559
13537.297	-1.99727830477059	0.114684671163559
13538.308	-1.99727830477059	0.114684671163559
13539.32	-1.91536103375256	0.0380655489861965
13540.33	-1.99727830477059	0.0766191184520721
13541.342	-1.99727830477059	0.0380655489861965
13542.354	-1.91536103375256	0.0766191184520721
13543.364	-1.99727830477059	0.0766191184520721
13544.377	-1.83344387914985	0.0766191184520721
13545.388	-1.99727830477059	0.0766191184520721
13546.4	-1.91536103375256	0.0380655489861965
13547.41	-1.99727830477059	0.0766191184520721
13548.423	-1.99727830477059	0.152750223875046
13549.434	-1.83344387914985	0.114684671163559
13550.446	-1.83344387914985	0.0380655489861965
13551.456	-1.83344387914985	0.0380655489861965
13552.466	-1.58664223272353	0.0766191184520721
13553.478	-1.83344387914985	0.0766191184520721
13554.49	-1.83344387914985	0.114684671163559
13555.502	-1.83344387914985	0.114684671163559
13556.513	-1.75152672454715	0.114684671163559
13557.525	-1.75152672454715	0.0766191184520721
13558.536	-1.75152672454715	0.114684671163559
13559.548	-1.75152672454715	0.114684671163559
13560.557	-1.83344387914985	0.0766191184520721
13561.568	-1.58664223272353	0.114684671163559
13562.58	-1.75152672454715	0.0766191184520721
13563.591	-1.75152672454715	0.0380655489861965
13564.603	-1.83344387914985	0.114684671163559
13565.615	-1.50472507812083	0.0766191184520721
13566.627	-1.75152672454715	0.0766191184520721
13567.638	-1.58664223272353	0.0766191184520721
13568.648	-1.50472507812083	0.0766191184520721
13569.66	-1.50472507812083	0.0380655489861965
13570.671	-1.50472507812083	0.0380655489861965
13571.683	-1.83344387914985	0.152750223875046
13572.694	-1.42280792351812	0.0766191184520721
13573.705	-1.91536103375256	0.114684671163559
13574.717	-1.50472507812083	0.0766191184520721
13575.729	-1.66855938732624	0.0380655489861965
13576.74	-1.42280792351812	0.0766191184520721
13577.75	-1.58664223272353	0.0766191184520721
13578.762	-1.75152672454715	0.114684671163559
13579.774	-1.75152672454715	0.0380655489861965
13580.785	-1.50472507812083	0.114684671163559
13581.796	-1.83344387914985	0.0380655489861965
13582.808	-1.58664223272353	0.190815761685371
13583.819	-1.58664223272353	0.0766191184520721
13584.831	-1.50472507812083	0.0766191184520721
13585.842	-1.50472507812083	0.0766191184520721
13586.854	-1.75152672454715	0.0766191184520721
13587.865	-1.42280792351812	0.0766191184520721
13588.876	-1.83344387914985	0.114684671163559
13589.888	-1.25897361431271	0.0766191184520721
13590.899	-1.66855938732624	0.114684671163559
13591.91	-1.58664223272353	0.152750223875046
13592.921	-1.34089076891541	0.0380655489861965
13593.934	-1.66855938732624	0.0766191184520721
13594.945	-1.50472507812083	0
13595.956	-1.58664223272353	0.0766191184520721
13596.967	-1.34089076891541	0.0380655489861965
13597.978	-1.42280792351812	0.0766191184520721
13598.99	-1.42280792351812	0.0766191184520721
13600.001	-1.50472507812083	0.114684671163559
13601.013	-1.50472507812083	0.0766191184520721
13602.025	-1.34089076891541	0.0766191184520721
13603.036	-1.58664223272353	0.0380655489861965
13604.047	-1.42280792351812	0.0766191184520721
13605.058	-1.58664223272353	0.0766191184520721
13606.07	-1.58664223272353	0.0766191184520721
13607.081	-1.58664223272353	0
13608.093	-1.34089076891541	0.0380655489861965
13609.104	-1.50472507812083	0.114684671163559
13610.116	-1.58664223272353	0.114684671163559
13611.127	-1.34089076891541	0.0766191184520721
13612.138	-1.58664223272353	0.0766191184520721
13613.15	-1.34089076891541	0.0766191184520721
13614.16	-1.34089076891541	0.0766191184520721
13615.173	-1.66855938732624	0.114684671163559
13616.184	-1.50472507812083	0.114684671163559
13617.195	-0.0281159445876256	0.0380655489861965
13618.207	-1.42280792351812	0.0766191184520721
13619.218	-1.50472507812083	0.0380655489861965
13620.229	-1.34089076891541	0.0766191184520721
13621.24	-1.42280792351812	0
13622.252	-1.34089076891541	0.0380655489861965
13623.262	-1.42280792351812	0.0766191184520721
13624.275	-1.34089076891541	0.0766191184520721
13625.286	-1.42280792351812	0.0766191184520721
13626.297	-1.50472507812083	0.114684671163559
13627.308	-1.42280792351812	0.0380655489861965
13628.32	-1.34089076891541	0.114684671163559
13629.331	-1.34089076891541	0.114684671163559
13630.342	-1.42280792351812	0.0766191184520721
13631.353	-1.25897361431271	0.114684671163559
13632.364	-1.42280792351812	0.114684671163559
13633.376	-1.50472507812083	0.0766191184520721
13634.387	-1.50472507812083	0.0766191184520721
13635.399	-1.34089076891541	0.0380655489861965
13636.41	-1.42280792351812	0.114684671163559
13637.422	-1.42280792351812	0.114684671163559
13638.433	-1.50472507812083	0.0766191184520721
13639.444	-1.50472507812083	0.0766191184520721
13640.456	-1.34089076891541	0.0766191184520721
13641.467	-1.50472507812083	0.0380655489861965
13642.479	-1.34089076891541	0.0766191184520721
13643.49	-1.42280792351812	0.0766191184520721
13644.502	-1.50472507812083	0.0766191184520721
13645.513	-1.17705645971	0.0380655489861965
13646.525	-1.42280792351812	0.0766191184520721
13647.536	-1.34089076891541	0.114684671163559
13648.547	-1.42280792351812	0.152750223875046
13649.559	-1.34089076891541	0.114684671163559
13650.569	-1.42280792351812	0.114684671163559
13651.581	-1.17705645971	0.0766191184520721
13652.592	-1.34089076891541	0.114684671163559
13653.604	-1.34089076891541	0.0766191184520721
13654.615	-1.42280792351812	0.0380655489861965
13655.627	-1.42280792351812	0.114684671163559
13656.638	-1.34089076891541	0.0766191184520721
13657.649	-1.50472507812083	0.0766191184520721
13658.661	-1.25897361431271	0.0766191184520721
13659.672	-1.25897361431271	0.0766191184520721
13660.684	-1.50472507812083	0.114684671163559
13661.695	-1.17705645971	0.114684671163559
13662.707	-1.17705645971	0.0380655489861965
13663.718	-1.42280792351812	0.114684671163559
13664.73	-1.34089076891541	0.0766191184520721
13665.741	-1.17705645971	0.0766191184520721
13666.752	-1.42280792351812	0.0766191184520721
13667.764	-1.25897361431271	0.0766191184520721
13668.775	-1.25897361431271	0.0766191184520721
13669.787	-1.34089076891541	0.0766191184520721
13670.797	-1.25897361431271	0.0766191184520721
13672.148	-1.34089076891541	0.0766191184520721
13672.82	-1.25897361431271	0.0766191184520721
13673.831	-1.42280792351812	0
13674.847	-1.34089076891541	0.0380655489861965
13675.874	-1.50472507812083	0.0766191184520721
13676.868	-1.42280792351812	0.114684671163559
13677.877	-1.17705645971	0.0766191184520721
13678.889	-1.0951393051073	0.114684671163559
13679.9	-1.25897361431271	0.0766191184520721
13680.911	-1.34089076891541	0.0766191184520721
13681.922	-1.34089076891541	0.0766191184520721
13682.933	-1.25897361431271	0.0380655489861965
13683.945	-1.25897361431271	0.0380655489861965
13684.956	-1.34089076891541	0.114684671163559
13685.968	-1.17705645971	0.0766191184520721
13686.979	-1.17705645971	0.0766191184520721
13687.991	-1.25897361431271	0.0766191184520721
13689.002	-1.25897361431271	0.0380655489861965
13690.014	-1.17705645971	0.0766191184520721
13691.025	-1.25897361431271	0.0380655489861965
13692.035	-1.42280792351812	0.0380655489861965
13693.047	-1.34089076891541	0.114684671163559
13694.058	-1.42280792351812	0.0380655489861965
13695.071	-1.17705645971	0.0380655489861965
13696.081	-1.25897361431271	0.114684671163559
13697.094	-1.42280792351812	0.0766191184520721
13698.104	-1.17705645971	0.114684671163559
13699.117	-1.17705645971	0.0380655489861965
13700.128	-1.25897361431271	0.114684671163559
13701.138	-1.50472507812083	0.0380655489861965
13702.15	-1.25897361431271	0.0766191184520721
13703.162	-1.34089076891541	0.0766191184520721
13704.174	-1.25897361431271	0.0766191184520721
13705.185	-1.34089076891541	0.0766191184520721
13706.196	-1.34089076891541	0.0766191184520721
13707.208	-1.17705645971	0.0766191184520721
13708.219	-1.17705645971	0.0766191184520721
13709.23	-1.42280792351812	0.114684671163559
13710.241	-1.34089076891541	0.0766191184520721
13711.253	-1.34089076891541	0.0766191184520721
13712.263	-1.17705645971	0.114684671163559
13713.276	-1.34089076891541	0.0766191184520721
13714.287	-1.17705645971	0.114684671163559
13715.298	-1.25897361431271	0
13716.31	-1.17705645971	0.0766191184520721
13717.321	-1.34089076891541	0.114684671163559
13718.333	-1.34089076891541	0.0380655489861965
13719.344	-1.34089076891541	0.0766191184520721
13720.356	-1.42280792351812	0.114684671163559
13721.366	-1.17705645971	0.0766191184520721
13722.379	-1.17705645971	0.0766191184520721
13723.39	-1.42280792351812	0.0380655489861965
13724.401	-1.0951393051073	0.152750223875046
13725.413	-1.17705645971	0.0766191184520721
13726.424	-1.17705645971	0.0380655489861965
13727.436	-1.17705645971	0.0766191184520721
13728.446	-1.25897361431271	0.114684671163559
13729.457	-1.34089076891541	0.0766191184520721
13730.469	-1.17705645971	0.0766191184520721
13731.48	-1.0951393051073	0.0766191184520721
13732.492	-0.930254813283682	0.0380655489861965
13733.504	-1.34089076891541	0.0766191184520721
13734.515	-1.01217196788639	0.114684671163559
13735.526	-1.0951393051073	0.114684671163559
13736.538	-1.58664223272353	0.114684671163559
13737.548	-0.52066904027015	0.0766191184520721
13738.56	-0.930254813283682	0.0766191184520721
13739.572	-1.25897361431271	0.0766191184520721
13740.582	-1.83344387914985	0
13741.593	-1.66855938732624	0.0766191184520721
13742.606	-1.42280792351812	0.114684671163559
13743.617	-0.930254813283682	0.0766191184520721
13744.627	-1.75152672454715	0.114684671163559
13745.64	-0.602586194872856	0
13746.65	-1.42280792351812	0.0766191184520721
13747.662	-0.766420504078269	0.0766191184520721
13748.673	-1.34089076891541	0.114684671163559
13749.684	-1.17705645971	0.0766191184520721
13750.696	-1.34089076891541	0.0766191184520721
13751.706	-1.25897361431271	0
13752.719	-1.17705645971	0.0766191184520721
13753.73	-1.25897361431271	0.0766191184520721
13754.742	-1.25897361431271	0.0766191184520721
13755.752	-1.25897361431271	0.0766191184520721
13756.765	-1.25897361431271	0.114684671163559
13757.776	-1.0951393051073	0.0766191184520721
13758.787	-1.17705645971	0
13759.798	-1.17705645971	0.114684671163559
13760.811	-1.25897361431271	0.0766191184520721
13761.821	-1.25897361431271	0.0766191184520721
13762.833	-1.0951393051073	0.114684671163559
13763.844	-1.25897361431271	0.0766191184520721
13764.856	-1.34089076891541	0.114684671163559
13765.867	-1.17705645971	0.0766191184520721
13766.878	-1.0951393051073	0.0766191184520721
13767.891	-1.25897361431271	0.0766191184520721
13768.9	-1.0951393051073	0.0766191184520721
13769.911	-1.34089076891541	0.114684671163559
13770.924	-1.17705645971	0.0380655489861965
13771.934	-1.25897361431271	0.0766191184520721
13772.947	-1.25897361431271	0.0766191184520721
13773.958	-1.34089076891541	0.0766191184520721
13774.969	-1.17705645971	0.0766191184520721
13775.98	-1.17705645971	0.114684671163559
13776.993	-1.42280792351812	0.0766191184520721
13778.003	-1.17705645971	0.114684671163559
13779.015	-1.0951393051073	0.0766191184520721
13780.027	-1.34089076891541	0.0766191184520721
13781.037	-1.34089076891541	0.0766191184520721
13782.049	-1.17705645971	0.114684671163559
13783.06	-1.17705645971	0.190815761685371
13784.072	-1.34089076891541	0.0766191184520721
13785.083	-1.34089076891541	0.0766191184520721
13786.095	-1.17705645971	0.114684671163559
13787.106	-1.25897361431271	0.0766191184520721
13788.116	-1.25897361431271	0.0766191184520721
13789.128	-1.25897361431271	0
13790.139	-0.930254813283682	0.114684671163559
13791.151	-1.17705645971	0.0766191184520721
13792.162	-1.17705645971	0.0766191184520721
13793.174	-1.25897361431271	0.114684671163559
13794.185	-1.0951393051073	0.0380655489861965
13795.197	-1.0951393051073	0.152750223875046
13796.208	-1.25897361431271	0.114684671163559
13797.219	-1.17705645971	0.152750223875046
13798.231	-1.34089076891541	0.0766191184520721
13799.242	-1.25897361431271	0.114684671163559
13800.253	-1.25897361431271	0.152750223875046