"sec"	µA	"mV"
19801.1	-0.930254813283682	29.9678363800049
19801.748	-81.9946303963661	0.114684671163559
19802.76	-40.8060550689697	0.0766191184520721
19803.77	-30.0581026822329	0.0380655489861965
19804.782	-24.1506155580282	0.0766191184520721
19805.794	-19.8016557842493	0.0766191184520721
19806.804	-17.0122720301151	0.0766191184520721
19807.816	-14.6324736997485	0.0766191184520721
19808.828	-12.6633113250136	0.0766191184520721
19809.838	-11.2686194479465	0.114684671163559
19810.852	-10.0377611815929	0.114684671163559
19811.862	-9.05370526015759	0.114684671163559
19812.874	-8.23243334889412	0.152750223875046
19813.886	-7.33029469847679	0.0766191184520721
19814.896	-6.75582466647029	0.0766191184520721
19815.908	-6.34623877704144	0.114684671163559
19816.918	-6.01752009242773	0.0766191184520721
19817.93	-5.36113232374191	0.114684671163559
19818.942	-5.27921551838517	0.114684671163559
19819.952	-4.86857956275344	0.114684671163559
19820.964	-4.70474502071738	0.114684671163559
19821.976	-4.45899367332458	0.114684671163559
19822.988	-4.29410906508565	0.152750223875046
19823.998	-4.04835771769285	0.114684671163559
19825.01	-4.04835771769285	0.114684671163559
19826.02	-3.88452340848744	0.152750223875046
19827.032	-3.88452340848744	0.114684671163559
19828.044	-3.80260613746941	0.114684671163559
19829.056	-3.63772176206112	0.114684671163559
19830.066	-3.55580449104309	0.114684671163559
19831.078	-3.47388745285571	0.114684671163559
19832.09	-3.55580449104309	0.114684671163559
19833.102	-3.39197018183768	0.114684671163559
19834.114	-3.31005314365029	0.114684671163559
19835.124	-3.14621883444488	0.114684671163559
19836.136	-3.22813587263227	0.0766191184520721
19837.146	-2.98133422620595	0.114684671163559
19838.158	-2.89941718801856	0.152750223875046
19839.17	-2.98133422620595	0.114684671163559
19840.18	-3.06430156342685	0.152750223875046
19841.192	-2.89941718801856	0.0766191184520721
19842.202	-3.22813587263227	0.114684671163559
19843.216	-2.98133422620595	0.152750223875046
19844.226	-3.06430156342685	0.152750223875046
19845.238	-2.98133422620595	0.0766191184520721
19846.248	-3.06430156342685	0.114684671163559
19847.262	-2.98133422620595	0.0766191184520721
19848.272	-2.98133422620595	0.152750223875046
19849.284	-2.73558287881315	0.114684671163559
19850.294	-2.81749991700053	0.114684671163559
19851.306	-2.65366560779512	0.152750223875046
19852.318	-2.73558287881315	0.0766191184520721
19853.328	-2.57174856960773	0.0766191184520721
19854.34	-2.73558287881315	0.114684671163559
19855.352	-2.73558287881315	0.0766191184520721
19856.362	-2.89941718801856	0.0766191184520721
19857.374	-2.48983129858971	0.190815761685371
19858.386	-2.40791426040232	0.152750223875046
19859.396	-2.65366560779512	0.114684671163559
19860.406	-2.73558287881315	0.114684671163559
19861.418	-2.65366560779512	0.0766191184520721
19862.43	-2.40791426040232	0.0766191184520721
19863.442	-2.48983129858971	0.114684671163559
19864.452	-2.48983129858971	0.114684671163559
19865.464	-2.48983129858971	0.190815761685371
19866.476	-2.40791426040232	0.114684671163559
19867.488	-2.40791426040232	0.0766191184520721
19868.498	-2.57174856960773	0.152750223875046
19869.51	-2.07919534295797	0.190815761685371
19870.522	-2.48983129858971	0.0380655489861965
19871.532	-2.24302965216339	0.0766191184520721
19872.544	-2.32494692318141	0.0766191184520721
19873.556	-2.48983129858971	0.114684671163559
19874.568	-2.32494692318141	0.0766191184520721
19875.578	-2.24302965216339	0.152750223875046
19876.59	-2.161112613976	0.114684671163559
19877.6	-2.24302965216339	0.0766191184520721
19878.612	-2.07919534295797	0.114684671163559
19879.624	-2.161112613976	0.114684671163559
19880.634	-2.07919534295797	0.152750223875046
19881.646	-1.91536103375256	0.190815761685371
19882.658	-1.99727830477059	0.0766191184520721
19883.67	-2.40791426040232	0.0766191184520721
19884.68	-1.91536103375256	0.0766191184520721
19885.692	-2.07919534295797	0.114684671163559
19886.704	-2.07919534295797	0.114684671163559
19887.714	-1.83344387914985	0.114684671163559
19888.726	-2.07919534295797	0.0766191184520721
19889.738	-1.99727830477059	0.114684671163559
19890.75	-2.24302965216339	0.114684671163559
19891.76	-2.07919534295797	0.114684671163559
19892.772	-2.07919534295797	0.114684671163559
19893.784	-1.99727830477059	0.152750223875046
19894.794	-1.75152672454715	0.114684671163559
19895.806	-2.161112613976	0.114684671163559
19896.816	-2.07919534295797	0.0766191184520721
19897.828	-2.24302965216339	0.114684671163559
19898.84	-1.91536103375256	0.152750223875046
19899.852	-1.83344387914985	0.0766191184520721
19900.862	-1.58664223272353	0.152750223875046
19901.874	-1.83344387914985	0.0766191184520721
19902.886	-1.99727830477059	0.114684671163559
19903.896	-1.99727830477059	0.190815761685371
19904.908	-1.91536103375256	0.0766191184520721
19905.92	-1.75152672454715	0.0766191184520721
19906.932	-1.91536103375256	0.0766191184520721
19907.942	-1.83344387914985	0.0380655489861965
19908.954	-1.83344387914985	0.114684671163559
19909.966	-1.91536103375256	0.0766191184520721
19910.978	-1.83344387914985	0.114684671163559
19911.988	-1.83344387914985	0.0766191184520721
19913	-1.83344387914985	0.0766191184520721
19914.012	-1.83344387914985	0.0380655489861965
19915.024	-1.83344387914985	0.0766191184520721
19916.034	-1.75152672454715	0.114684671163559
19917.044	-1.75152672454715	0.0766191184520721
19918.056	-1.91536103375256	0.114684671163559
19919.068	-1.66855938732624	0.114684671163559
19920.08	-1.75152672454715	0.114684671163559
19921.09	-1.91536103375256	0.0766191184520721
19922.102	-1.75152672454715	0.0766191184520721
19923.114	-1.58664223272353	0.152750223875046
19924.124	-1.75152672454715	0.0766191184520721
19925.136	-1.58664223272353	0.114684671163559
19926.146	-1.83344387914985	0.114684671163559
19927.16	-1.83344387914985	0.0766191184520721
19928.17	-1.66855938732624	0.0766191184520721
19929.182	-1.75152672454715	0.0766191184520721
19930.194	-1.83344387914985	0.0766191184520721
19931.204	-1.83344387914985	0.0766191184520721
19932.216	-1.75152672454715	0.114684671163559
19933.228	-1.75152672454715	0.114684671163559
19934.238	-1.66855938732624	0.114684671163559
19935.248	-1.58664223272353	0.114684671163559
19936.262	-1.75152672454715	0.0766191184520721
19937.272	-1.83344387914985	0.114684671163559
19938.284	-1.50472507812083	0.114684671163559
19939.294	-1.66855938732624	0.0766191184520721
19940.306	-1.91536103375256	0.114684671163559
19941.318	-1.83344387914985	0.114684671163559
19942.33	-1.83344387914985	0.0766191184520721
19943.342	-1.75152672454715	0.114684671163559
19944.352	-1.83344387914985	0.114684671163559
19945.364	-1.99727830477059	0.114684671163559
19946.374	-1.58664223272353	0.0766191184520721
19947.386	-1.75152672454715	0.114684671163559
19948.398	-1.66855938732624	0.152750223875046
19949.41	-1.66855938732624	0.0766191184520721
19950.422	-1.66855938732624	0.0766191184520721
19951.432	-1.66855938732624	0.0380655489861965
19952.444	-1.75152672454715	0.0766191184520721
19953.454	-1.58664223272353	0.0766191184520721
19954.466	-1.66855938732624	0.0766191184520721
19955.478	-1.50472507812083	0.114684671163559
19956.488	-1.58664223272353	0.114684671163559
19957.5	-1.50472507812083	0.114684671163559
19958.51	-1.58664223272353	0.0766191184520721
19959.524	-1.83344387914985	0.114684671163559
19960.534	-1.75152672454715	0.114684671163559
19961.546	-1.50472507812083	0.114684671163559
19962.556	-1.83344387914985	0.190815761685371
19963.57	-1.83344387914985	0.0766191184520721
19964.58	-1.75152672454715	0.0380655489861965
19965.592	-1.66855938732624	0.152750223875046
19966.602	-1.58664223272353	0.152750223875046
19967.614	-1.83344387914985	0.114684671163559
19968.626	-1.58664223272353	0.114684671163559
19969.638	-1.58664223272353	0.114684671163559
19970.65	-1.58664223272353	0.114684671163559
19971.66	-1.75152672454715	0.0766191184520721
19972.672	-1.75152672454715	0.152750223875046
19973.684	-1.58664223272353	0.0766191184520721
19974.692	-2.24302965216339	0.0766191184520721
19975.704	-1.58664223272353	0.114684671163559
19976.716	-1.75152672454715	0.114684671163559
19977.728	-1.75152672454715	0.0766191184520721
19978.738	-1.58664223272353	0.114684671163559
19979.752	-1.75152672454715	0.0766191184520721
19980.762	-1.42280792351812	0.0766191184520721
19981.772	-1.50472507812083	0.114684671163559
19982.784	-1.75152672454715	0.0766191184520721
19983.796	-2.48983129858971	0.114684671163559
19984.806	-1.83344387914985	0.0766191184520721
19985.818	-1.75152672454715	0.0380655489861965
19986.83	-1.83344387914985	0.0766191184520721
19987.84	-2.07919534295797	0.114684671163559
19988.854	-1.75152672454715	0.0766191184520721
19989.864	-1.66855938732624	0.0766191184520721
19990.876	-2.24302965216339	0.114684671163559
19991.886	-1.75152672454715	0.0766191184520721
19992.898	-2.32494692318141	0.0766191184520721
19993.908	-1.83344387914985	0.114684671163559
19994.92	-1.99727830477059	0.0766191184520721
19995.932	-1.58664223272353	0.114684671163559
19996.944	-2.32494692318141	0.0766191184520721
19997.954	-1.58664223272353	0.0380655489861965
19998.966	-1.50472507812083	0.0766191184520721
19999.978	-1.83344387914985	0.0766191184520721
20000.99	-1.91536103375256	0.114684671163559
20002	-1.50472507812083	0.0766191184520721
20003.012	-1.83344387914985	0.114684671163559
20004.024	-2.07919534295797	0.0766191184520721
20005.034	-1.91536103375256	0.114684671163559
20006.046	-2.40791426040232	0.0766191184520721
20007.058	-1.75152672454715	0.0766191184520721
20008.068	-1.99727830477059	0.0766191184520721
20009.08	-2.161112613976	0.0766191184520721
20010.092	-2.161112613976	0.0766191184520721
20011.102	-1.42280792351812	0.0766191184520721
20012.114	-1.75152672454715	0.114684671163559
20013.126	-1.50472507812083	0.0766191184520721
20014.136	-1.75152672454715	0.0766191184520721
20015.148	-2.07919534295797	0.0766191184520721
20016.16	-1.58664223272353	0.114684671163559
20017.17	-2.07919534295797	0.0766191184520721
20018.182	-1.75152672454715	0.114684671163559
20019.194	-2.07919534295797	0.0766191184520721
20020.204	-1.83344387914985	0.0380655489861965
20021.216	-1.66855938732624	0.114684671163559
20022.228	-2.07919534295797	0
20023.24	-1.75152672454715	0.0380655489861965
20024.25	-1.99727830477059	0.114684671163559
20025.262	-1.66855938732624	0.0766191184520721
20026.274	-2.40791426040232	0.114684671163559
20027.284	-1.83344387914985	0.0766191184520721
20028.296	-2.07919534295797	0.0766191184520721
20029.308	-1.75152672454715	0.0766191184520721
20030.32	-1.66855938732624	0.0380655489861965
20031.33	-2.07919534295797	0.0766191184520721
20032.342	-1.75152672454715	0.0380655489861965
20033.352	-1.66855938732624	0.0380655489861965
20034.364	-1.99727830477059	0.114684671163559
20035.376	-2.07919534295797	0.0766191184520721
20036.386	-1.58664223272353	0.0766191184520721
20037.398	-1.99727830477059	0.0766191184520721
20038.41	-1.58664223272353	0.114684671163559
20039.422	-1.50472507812083	0.0766191184520721
20040.432	-1.50472507812083	0.0766191184520721
20041.444	-2.07919534295797	0.0766191184520721
20042.454	-2.07919534295797	0.114684671163559
20043.466	-1.66855938732624	0.0766191184520721
20044.478	-1.99727830477059	0.114684671163559
20045.488	-1.58664223272353	0.0766191184520721
20046.5	-2.07919534295797	0.114684671163559
20047.512	-1.50472507812083	0.0766191184520721
20048.524	-1.34089076891541	0.0380655489861965
20049.534	-1.34089076891541	0.0766191184520721
20050.546	-1.83344387914985	0.0766191184520721
20051.558	-1.83344387914985	0.0766191184520721
20052.568	-1.99727830477059	0.0766191184520721
20053.58	-2.07919534295797	0.0766191184520721
20054.59	-1.50472507812083	0.0766191184520721
20055.602	-1.83344387914985	0.114684671163559
20056.614	-1.99727830477059	0.114684671163559
20057.626	-1.99727830477059	0.0380655489861965
20058.636	-2.40791426040232	0.114684671163559
20059.648	-1.99727830477059	0.0766191184520721
20060.66	-1.99727830477059	0.0766191184520721
20061.67	-1.99727830477059	0.0766191184520721
20062.682	-2.24302965216339	0.0766191184520721
20063.694	-2.07919534295797	0
20064.706	-1.99727830477059	0.0380655489861965
20065.716	-1.58664223272353	0.0380655489861965
20066.728	-1.83344387914985	0.114684671163559
20067.74	-1.99727830477059	0.114684671163559
20068.752	-1.99727830477059	0.0766191184520721
20069.762	-1.99727830477059	0.0766191184520721
20070.774	-1.58664223272353	0.152750223875046
20071.786	-1.75152672454715	0.0766191184520721
20072.796	-1.99727830477059	0.0766191184520721
20073.808	-2.07919534295797	0.114684671163559
20074.818	-1.58664223272353	0.0766191184520721
20075.83	-1.50472507812083	0.114684671163559
20076.842	-2.07919534295797	0.0766191184520721
20077.854	-1.91536103375256	0.0766191184520721
20078.864	-1.99727830477059	0.0766191184520721
20079.876	-1.42280792351812	0.0766191184520721
20080.888	-1.99727830477059	0.114684671163559
20081.9	-1.58664223272353	0.0766191184520721
20082.912	-2.07919534295797	0.0766191184520721
20083.922	-1.99727830477059	0.0766191184520721
20084.934	-1.50472507812083	0.114684671163559
20085.946	-1.99727830477059	0
20086.956	-1.75152672454715	0.0766191184520721
20087.968	-1.91536103375256	0.152750223875046
20088.978	-1.91536103375256	0.114684671163559
20089.992	-1.99727830477059	0.0766191184520721
20091.002	-1.99727830477059	0.114684671163559
20092.014	-1.99727830477059	0.0766191184520721
20093.024	-2.07919534295797	0.0766191184520721
20094.036	-1.99727830477059	0.0766191184520721
20095.048	-1.99727830477059	0
20096.06	-1.99727830477059	0.114684671163559
20097.07	-1.99727830477059	0.114684671163559
20098.082	-1.99727830477059	0.0380655489861965
20099.092	-1.99727830477059	0.0766191184520721
20100.102	-1.99727830477059	0.114684671163559
20101.116	-2.07919534295797	0.0380655489861965
20102.126	-1.99727830477059	0.114684671163559
20103.138	-1.75152672454715	0.0766191184520721
20104.148	-2.07919534295797	0.114684671163559
20105.16	-1.83344387914985	0.114684671163559
20106.172	-1.99727830477059	0.0766191184520721
20107.184	-1.99727830477059	0.0766191184520721
20108.194	-2.07919534295797	0
20109.206	-1.91536103375256	0.0766191184520721
20110.218	-1.99727830477059	0.114684671163559
20111.23	-1.91536103375256	0.114684671163559
20112.242	-1.91536103375256	0.114684671163559
20113.25	-1.99727830477059	0.0766191184520721
20114.262	-1.99727830477059	0.114684671163559
20115.274	-1.99727830477059	0.0380655489861965
20116.284	-1.91536103375256	0.0766191184520721
20117.298	-2.07919534295797	0
20118.308	-1.99727830477059	0.0766191184520721
20119.32	-1.91536103375256	0.0766191184520721
20120.33	-2.07919534295797	0.0766191184520721