"sec"	µA	"mV"
24000.384	-0.684503349475563	42.6636734008789
24001.044	-103.655412793159	0.114684671163559
24002.054	-49.4210086762905	0.114684671163559
24003.066	-35.1443216204643	0
24004.078	-28.252774849534	0
24005.088	-23.658063262701	0.0766191184520721
24006.1	-18.4888802468777	0.0766191184520721
24007.112	-17.1761065721512	0.0766191184520721
24008.124	-15.53566288203	0.0380655489861965
24009.134	-12.1707580983639	0.0766191184520721
24010.146	-12.0888408273458	0.0380655489861965
24011.158	-10.3664807975292	0
24012.168	-10.2845635265112	0.0766191184520721
24013.18	-7.74093065410852	0.0766191184520721
24014.192	-8.23243334889412	0.0766191184520721
24015.204	-8.47923569381237	0.114684671163559
24016.216	-7.24837742745876	0.114684671163559
24017.226	-7.16646062210202	0.114684671163559
24018.238	-7.00262608006597	0.0766191184520721
24019.25	-5.36113232374191	0.0766191184520721
24020.26	-6.26327143982053	0
24021.272	-5.85368555039167	0.0766191184520721
24022.282	-4.78666229173541	0.114684671163559
24023.294	-5.44304959475994	0.0380655489861965
24024.306	-5.44304959475994	0
24025.318	-3.80260613746941	0.0766191184520721
24026.33	-5.77176827937365	0.0766191184520721
24027.34	-4.78666229173541	0.0380655489861965
24028.352	-4.37707640230656	0.0766191184520721
24029.362	-4.70474502071738	0.0766191184520721
24030.374	-4.62282774969935	0.0766191184520721
24031.386	-2.24302965216339	0
24032.396	-4.54091094434261	0.0766191184520721
24033.408	-2.89941718801856	0.0380655489861965
24034.42	-3.55580449104309	0.0380655489861965
24035.432	-3.88452340848744	0.0380655489861965
24036.444	-4.29410906508565	0.0380655489861965
24037.454	-4.21219179406762	0.0766191184520721
24038.466	-3.88452340848744	0.0380655489861965
24039.476	-2.98133422620595	0.0380655489861965
24040.488	-4.21219179406762	0.0766191184520721
24041.5	-3.96644044667482	0
24042.51	-3.55580449104309	0.0380655489861965
24043.522	-3.55580449104309	0.0380655489861965
24044.534	-3.88452340848744	0.114684671163559
24045.546	-1.91536103375256	0.0766191184520721
24046.556	-3.96644044667482	0
24047.568	-2.07919534295797	0
24048.58	-3.72068909928203	0.0766191184520721
24049.59	-3.72068909928203	0.0766191184520721
24050.602	-3.06430156342685	0
24051.614	-3.39197018183768	0.0766191184520721
24052.624	-3.47388745285571	0
24053.636	-2.89941718801856	0.0766191184520721
24054.648	-3.88452340848744	0
24055.66	-3.39197018183768	0.0766191184520721
24056.67	-3.31005314365029	0
24057.682	-3.39197018183768	0.0766191184520721
24058.694	-3.63772176206112	0.0766191184520721
24059.704	-3.39197018183768	-0.0380655489861965
24060.714	-3.14621883444488	0.0766191184520721
24061.726	-3.31005314365029	0
24062.738	-2.89941718801856	0.0380655489861965
24063.748	-3.06430156342685	0.0766191184520721
24064.76	-3.14621883444488	0.0380655489861965
24065.772	-3.22813587263227	0.0380655489861965
24066.782	-2.98133422620595	0.0766191184520721
24067.794	-3.22813587263227	0.0766191184520721
24068.806	-3.39197018183768	0.0766191184520721
24069.818	-3.31005314365029	0.0766191184520721
24070.828	-3.31005314365029	0.0766191184520721
24071.84	-2.98133422620595	0.0766191184520721
24072.852	-2.81749991700053	0.0766191184520721
24073.864	-3.55580449104309	0.0766191184520721
24074.874	-3.31005314365029	0.0380655489861965
24075.886	-2.65366560779512	0
24076.898	-3.22813587263227	0.0766191184520721
24077.908	-3.55580449104309	0.114684671163559
24078.92	-2.89941718801856	0.0766191184520721
24079.93	-3.39197018183768	0.0766191184520721
24080.942	-3.31005314365029	0.0380655489861965
24081.954	-3.31005314365029	0.0766191184520721
24082.964	-2.48983129858971	0.0380655489861965
24083.976	-3.39197018183768	0.0766191184520721
24084.988	-3.14621883444488	0.114684671163559
24086	-3.22813587263227	0.0380655489861965
24087.01	-3.14621883444488	0.0766191184520721
24088.022	-0.684503349475563	0.0380655489861965
24089.034	-2.48983129858971	0.0766191184520721
24090.044	-2.48983129858971	0.114684671163559
24091.056	-2.98133422620595	0.0766191184520721
24092.068	-3.47388745285571	0.0766191184520721
24093.08	-2.98133422620595	0.0380655489861965
24094.092	-2.161112613976	0.0380655489861965
24095.102	-2.89941718801856	0.0766191184520721
24096.114	-2.89941718801856	0.0380655489861965
24097.126	-2.89941718801856	0.0766191184520721
24098.136	-0.848337658680975	0.0380655489861965
24099.146	-3.31005314365029	0.114684671163559
24100.158	-3.31005314365029	0.0380655489861965
24101.17	-3.06430156342685	0.114684671163559
24102.182	-1.34089076891541	0.0766191184520721
24103.192	-1.34089076891541	0
24104.204	-2.89941718801856	0.0766191184520721
24105.216	-2.89941718801856	0.0766191184520721
24106.226	-3.06430156342685	0
24107.238	-0.52066904027015	0.0766191184520721
24108.25	-2.98133422620595	0.114684671163559
24109.262	-2.73558287881315	0.0766191184520721
24110.272	-2.89941718801856	0.0380655489861965
24111.284	-3.06430156342685	0.0766191184520721
24112.296	-3.14621883444488	0.0766191184520721
24113.308	-1.01217196788639	0.114684671163559
24114.318	-1.75152672454715	0.114684671163559
24115.33	-2.32494692318141	0.0380655489861965
24116.342	-0.602586194872856	0.0766191184520721
24117.352	-2.07919534295797	0.0766191184520721
24118.364	-3.14621883444488	0.0766191184520721
24119.376	-0.191950239241123	0.0766191184520721
24120.386	-1.99727830477059	0
24121.398	-3.39197018183768	0.0380655489861965
24122.41	-2.65366560779512	0.0766191184520721
24123.42	-2.98133422620595	0.114684671163559
24124.432	-2.98133422620595	0.0766191184520721
24125.444	-2.65366560779512	0.114684671163559
24126.454	-3.06430156342685	0
24127.466	-3.31005314365029	0.0766191184520721
24128.476	-1.58664223272353	0.0766191184520721
24129.488	-3.31005314365029	0.0766191184520721
24130.5	-2.98133422620595	0.114684671163559
24131.512	-2.89941718801856	0.0766191184520721
24132.522	-2.81749991700053	0
24133.534	-2.07919534295797	0
24134.546	-2.98133422620595	0
24135.556	-2.73558287881315	0.0766191184520721
24136.568	-2.98133422620595	0.0380655489861965
24137.578	-2.73558287881315	0.0766191184520721
24138.592	-2.65366560779512	0.0766191184520721
24139.602	-3.31005314365029	0.114684671163559
24140.614	-3.06430156342685	0.0380655489861965
24141.626	-2.81749991700053	0.0766191184520721
24142.636	-1.25897361431271	0.0380655489861965
24143.648	-2.73558287881315	0.0380655489861965
24144.66	-2.81749991700053	0.0766191184520721
24145.672	-3.31005314365029	0.0380655489861965
24146.682	-1.25897361431271	0.0766191184520721
24147.694	-2.98133422620595	0.0380655489861965
24148.706	-2.98133422620595	0.0766191184520721
24149.718	-3.06430156342685	0.0766191184520721
24150.728	-3.14621883444488	0.0380655489861965
24151.738	-3.47388745285571	0
24152.836	-3.31005314365029	0.114684671163559
24153.762	-2.81749991700053	0.0766191184520721
24154.774	-3.31005314365029	0.0380655489861965
24155.784	-2.65366560779512	0.0766191184520721
24156.796	-0.848337658680975	0.0380655489861965
24157.808	-3.14621883444488	0.114684671163559
24158.818	-3.63772176206112	0
24159.83	-3.39197018183768	0.0766191184520721
24160.842	-2.24302965216339	0.0380655489861965
24161.854	-3.14621883444488	0
24162.864	-0.438751914771274	0.0766191184520721
24163.876	-2.89941718801856	0.0766191184520721
24164.888	-3.06430156342685	0.0766191184520721
24165.9	-1.99727830477059	0.0766191184520721
24166.91	-2.73558287881315	0.0766191184520721
24167.922	-1.34089076891541	0.0380655489861965
24168.932	-1.50472507812083	0.114684671163559
24169.946	-3.06430156342685	0.0766191184520721
24170.956	-3.14621883444488	0.0380655489861965
24171.968	-0.684503349475563	0.0766191184520721
24172.98	-3.55580449104309	0.0380655489861965
24173.99	-1.99727830477059	0.0766191184520721
24175.002	-2.73558287881315	0.0766191184520721
24176.012	-2.73558287881315	0.0766191184520721
24177.022	-1.75152672454715	0.0766191184520721
24178.034	-2.89941718801856	0.0766191184520721
24179.046	-2.24302965216339	0.0766191184520721
24180.058	-2.73558287881315	0
24181.068	-2.65366560779512	0.0766191184520721
24182.08	-0.930254813283682	0.0380655489861965
24183.092	-1.75152672454715	0.0380655489861965
24184.102	-2.40791426040232	0.0766191184520721
24185.114	-2.161112613976	0.0380655489861965
24186.126	-2.73558287881315	0.114684671163559
24187.136	-2.65366560779512	0.0766191184520721
24188.148	-2.40791426040232	0.114684671163559
24189.16	-2.73558287881315	0.0380655489861965
24190.172	-2.73558287881315	0.114684671163559
24191.182	-2.57174856960773	0
24192.194	-2.98133422620595	0.0766191184520721
24193.204	-2.89941718801856	0
24194.216	-1.25897361431271	0
24195.23	-2.65366560779512	0.0766191184520721
24196.24	-1.58664223272353	0.0766191184520721
24197.252	-1.83344387914985	0.0380655489861965
24198.262	-2.40791426040232	0
24199.274	-2.73558287881315	0.0380655489861965
24200.284	-1.99727830477059	0
24201.296	-2.40791426040232	0.0380655489861965
24202.308	-2.48983129858971	0.0766191184520721
24203.32	-2.73558287881315	0.0766191184520721
24204.33	-2.89941718801856	0.0766191184520721
24205.342	-2.98133422620595	0.114684671163559
24206.354	-2.81749991700053	0.0766191184520721
24207.364	-2.98133422620595	0.114684671163559
24208.376	-2.89941718801856	0.0380655489861965
24209.388	-2.07919534295797	0.0380655489861965
24210.398	-2.89941718801856	0.0766191184520721
24211.41	-2.24302965216339	0.114684671163559
24212.422	-2.07919534295797	0.0766191184520721
24213.434	-2.73558287881315	0.0766191184520721
24214.444	-2.81749991700053	0.0766191184520721
24215.456	-2.89941718801856	0.0380655489861965
24216.466	-2.57174856960773	0.0766191184520721
24217.478	-2.48983129858971	0.114684671163559
24218.49	-1.66855938732624	0.114684671163559
24219.5	-2.89941718801856	0.114684671163559
24220.512	-2.48983129858971	0.0766191184520721
24221.524	-2.73558287881315	0.0766191184520721
24222.536	-2.98133422620595	0.0766191184520721
24223.546	-2.24302965216339	0
24224.558	-2.89941718801856	0.0766191184520721
24225.57	-2.57174856960773	0
24226.58	-1.99727830477059	0.0766191184520721
24227.592	-2.161112613976	0
24228.604	-2.73558287881315	0.114684671163559
24229.614	-2.65366560779512	0
24230.626	-2.65366560779512	0.0766191184520721
24231.638	-2.89941718801856	0.0766191184520721
24232.65	-2.89941718801856	0
24233.66	-2.73558287881315	0.0766191184520721
24234.672	-2.40791426040232	0.0380655489861965
24235.684	-2.73558287881315	0
24236.694	-2.07919534295797	0.0766191184520721
24237.706	-2.07919534295797	0.152750223875046
24238.718	-2.48983129858971	0.0766191184520721
24239.728	-2.57174856960773	0
24240.738	-1.99727830477059	0.0766191184520721
24241.75	-2.73558287881315	0.0766191184520721
24242.762	-2.73558287881315	0.0766191184520721
24243.774	-2.65366560779512	0.0766191184520721
24244.784	-2.48983129858971	-0.0380655489861965
24245.796	-2.24302965216339	0.0766191184520721
24246.808	-1.99727830477059	-0.0380655489861965
24247.82	-2.65366560779512	0.0380655489861965
24248.83	-2.98133422620595	0
24249.842	-1.99727830477059	0.0380655489861965
24250.854	-2.48983129858971	0.0380655489861965
24251.864	-2.24302965216339	0.0766191184520721
24252.876	-1.83344387914985	0.0766191184520721
24253.888	-2.57174856960773	0.0766191184520721
24254.9	-2.65366560779512	0.0380655489861965
24255.91	-2.40791426040232	0.114684671163559
24256.922	-2.24302965216339	0.0766191184520721
24257.932	-2.73558287881315	0.0766191184520721
24258.944	-2.07919534295797	0.0380655489861965
24259.956	-2.57174856960773	0.0766191184520721
24260.966	-2.07919534295797	0.114684671163559
24261.978	-2.89941718801856	0.0766191184520721
24262.99	-2.81749991700053	0
24264	-1.99727830477059	0.0380655489861965
24265.012	-1.83344387914985	0.0766191184520721
24266.024	-2.07919534295797	0
24267.036	-2.48983129858971	0.0380655489861965
24268.046	-2.89941718801856	0.0766191184520721
24269.058	-2.24302965216339	0.0380655489861965
24270.07	-2.57174856960773	0.0766191184520721
24271.082	-2.40791426040232	0.0380655489861965
24272.092	-2.57174856960773	0.0380655489861965
24273.104	-1.91536103375256	0
24274.116	-2.07919534295797	0.0766191184520721
24275.126	-2.24302965216339	0.0766191184520721
24276.138	-1.99727830477059	0.114684671163559
24277.15	-2.32494692318141	0.0380655489861965
24278.16	-2.40791426040232	0.0766191184520721
24279.172	-2.48983129858971	0
24280.184	-1.75152672454715	0.0766191184520721
24281.194	-2.48983129858971	0.0380655489861965
24282.206	-2.48983129858971	0.0766191184520721
24283.218	-2.40791426040232	0.114684671163559
24284.23	-2.40791426040232	0
24285.24	-2.40791426040232	0.0380655489861965
24286.252	-2.65366560779512	0.0766191184520721
24287.264	-2.48983129858971	0.0766191184520721
24288.276	-2.40791426040232	0.0766191184520721
24289.286	-2.24302965216339	0.114684671163559
24290.298	-2.65366560779512	0.0766191184520721
24291.308	-2.48983129858971	0.114684671163559
24292.32	-2.57174856960773	0.0766191184520721
24293.332	-2.48983129858971	0.114684671163559
24294.344	-2.48983129858971	0.0766191184520721
24295.354	-2.32494692318141	0.0766191184520721
24296.366	-2.48983129858971	0.0766191184520721
24297.378	-2.48983129858971	0.0766191184520721
24298.388	-2.32494692318141	0.0766191184520721
24299.4	-2.48983129858971	0.0766191184520721
24300.41	-2.57174856960773	0.0766191184520721