"sec"	µA	"mV"
27601.204	-1.01217196788639	15.0602931976318
27601.72	-45.811403542757	0.0380655489861965
27602.732	-19.8016557842493	0.0766191184520721
27603.744	-13.6484177783132	0.114684671163559
27604.756	-10.8579834923148	0.114684671163559
27605.766	-9.05370526015759	0.0766191184520721
27606.778	-7.41221196949482	0.0766191184520721
27607.79	-7.08454335108399	0.0766191184520721
27608.8	-5.36113232374191	0.0766191184520721
27609.812	-5.44304959475994	0.114684671163559
27610.824	-5.11538097634912	0.0766191184520721
27611.836	-4.45899367332458	0.0766191184520721
27612.846	-3.63772176206112	0.0380655489861965
27613.858	-4.04835771769285	0.0766191184520721
27614.87	-3.96644044667482	0
27615.88	-3.63772176206112	0.0766191184520721
27616.892	-3.55580449104309	0.0766191184520721
27617.904	-3.31005314365029	0.0766191184520721
27618.914	-3.14621883444488	0.114684671163559
27619.926	-3.06430156342685	0.114684671163559
27620.938	-2.98133422620595	0.0380655489861965
27621.948	-2.73558287881315	0
27622.96	-2.65366560779512	0.114684671163559
27623.972	-2.65366560779512	0.0766191184520721
27624.984	-2.89941718801856	0.0766191184520721
27625.994	-2.48983129858971	0.114684671163559
27627.006	-2.161112613976	0.0766191184520721
27628.018	-1.75152672454715	0.114684671163559
27629.028	-2.24302965216339	0.114684671163559
27630.04	-1.75152672454715	0.0766191184520721
27631.052	-1.25897361431271	0.0766191184520721
27632.064	-1.42280792351812	0.114684671163559
27633.074	-1.83344387914985	0.0766191184520721
27634.086	-1.50472507812083	0.114684671163559
27635.098	-1.99727830477059	0.152750223875046
27636.108	-1.58664223272353	0.0380655489861965
27637.12	-0.766420504078269	0.114684671163559
27638.132	-1.83344387914985	0.0766191184520721
27639.142	-2.24302965216339	0.114684671163559
27640.154	-1.34089076891541	0.114684671163559
27641.166	-2.07919534295797	0.114684671163559
27642.176	-1.75152672454715	0.114684671163559
27643.188	-0.848337658680975	0.152750223875046
27644.2	-1.99727830477059	0.114684671163559
27645.212	-2.24302965216339	0.0766191184520721
27646.222	-1.91536103375256	0.114684671163559
27647.234	-0.930254813283682	0.0380655489861965
27648.246	-1.91536103375256	0.114684671163559
27649.256	-1.99727830477059	0.0766191184520721
27650.272	-1.75152672454715	0.114684671163559
27651.28	-0.602586194872856	0.114684671163559
27652.29	-0.930254813283682	0
27653.302	-1.25897361431271	0.190815761685371
27654.314	-1.91536103375256	0.114684671163559
27655.326	-1.75152672454715	0.114684671163559
27656.338	-1.99727830477059	0.0766191184520721
27657.348	-1.66855938732624	0.0766191184520721
27658.358	-1.99727830477059	0.114684671163559
27659.37	-1.99727830477059	0.114684671163559
27660.38	-1.91536103375256	0.0766191184520721
27661.392	-1.99727830477059	0.114684671163559
27662.404	-1.83344387914985	0.0766191184520721
27663.416	-1.83344387914985	0.114684671163559
27664.426	-1.75152672454715	0.0766191184520721
27665.438	-1.83344387914985	0.114684671163559
27666.45	-1.91536103375256	0.0380655489861965
27667.46	-1.83344387914985	0.114684671163559
27668.474	-1.75152672454715	0.0766191184520721
27669.484	-1.83344387914985	0.0380655489861965
27670.496	-1.50472507812083	0.114684671163559
27671.506	-1.91536103375256	0.0766191184520721
27672.518	-1.83344387914985	0.114684671163559
27673.53	-1.50472507812083	0.190815761685371
27674.54	-1.91536103375256	0.0766191184520721
27675.554	-1.75152672454715	0.0766191184520721
27676.562	-1.99727830477059	0.114684671163559
27677.574	-2.07919534295797	0
27678.586	-1.50472507812083	0.152750223875046
27679.598	-1.58664223272353	0.114684671163559
27680.61	-1.75152672454715	0.114684671163559
27681.62	-1.42280792351812	0.152750223875046
27682.632	-1.83344387914985	0.190815761685371
27683.644	-1.83344387914985	0.114684671163559
27684.654	-1.50472507812083	0.266946852207184
27685.666	-1.50472507812083	0.114684671163559
27686.678	-1.25897361431271	0.114684671163559
27687.688	-1.83344387914985	0.114684671163559
27688.7	-1.17705645971	0.114684671163559
27689.712	-1.66855938732624	0.0766191184520721
27690.724	-1.58664223272353	0.0380655489861965
27691.734	-1.99727830477059	0.190815761685371
27692.746	-1.0951393051073	0.0380655489861965
27693.758	-0.930254813283682	0.114684671163559
27694.768	-1.83344387914985	0.190815761685371
27695.78	-0.930254813283682	0.114684671163559
27696.79	-1.25897361431271	0.114684671163559
27697.802	-1.01217196788639	0.0766191184520721
27698.814	-1.75152672454715	0.152750223875046
27699.826	-1.17705645971	0.0766191184520721
27700.838	-1.58664223272353	0.0766191184520721
27701.85	-1.75152672454715	0.190815761685371
27702.86	-1.83344387914985	0.152750223875046
27703.87	-1.66855938732624	0.190815761685371
27704.882	-2.07919534295797	0.114684671163559
27705.894	-1.75152672454715	0.0766191184520721
27706.906	-1.0951393051073	0.114684671163559
27707.916	-1.83344387914985	0.190815761685371
27708.928	-1.58664223272353	0.114684671163559
27709.94	-1.34089076891541	0.0380655489861965
27710.95	-1.0951393051073	0.0766191184520721
27711.962	-1.34089076891541	0.114684671163559
27712.974	-1.66855938732624	0.0766191184520721
27713.986	-1.0951393051073	0.152750223875046
27714.998	-1.17705645971	0.0766191184520721
27716.008	-0.438751914771274	0.114684671163559
27717.02	-0.191950239241123	0.0766191184520721
27718.03	-0.848337658680975	0
27719.042	-1.83344387914985	0.114684671163559
27720.052	-1.25897361431271	0.114684671163559
27721.064	-1.75152672454715	0.114684671163559
27722.076	-0.355784548446536	0.114684671163559
27723.088	-1.66855938732624	0.114684671163559
27724.098	-1.25897361431271	0.0766191184520721
27725.108	-1.25897361431271	0.190815761685371
27726.12	-1.34089076891541	0.190815761685371
27727.132	-1.75152672454715	0.0766191184520721
27728.144	-1.75152672454715	0.114684671163559
27729.154	-1.50472507812083	0.114684671163559
27730.166	-1.42280792351812	0.152750223875046
27731.178	-1.17705645971	0.152750223875046
27732.188	-2.24302965216339	0.0766191184520721
27733.202	-0.438751914771274	0.0766191184520721
27734.212	-1.34089076891541	0.0766191184520721
27735.224	-0.848337658680975	0.0766191184520721
27736.234	-1.34089076891541	0.114684671163559
27737.246	-0.930254813283682	0.114684671163559
27738.258	-1.50472507812083	0.114684671163559
27739.268	-1.25897361431271	0.0380655489861965
27740.28	-1.0951393051073	0.0766191184520721
27741.292	-1.66855938732624	0.0766191184520721
27742.304	-1.75152672454715	0.114684671163559
27743.314	-1.0951393051073	0.114684671163559
27744.328	-1.83344387914985	0.0766191184520721
27745.338	-1.17705645971	0.0766191184520721
27746.348	-0.848337658680975	0.0766191184520721
27747.36	-0.110033091914374	0.114684671163559
27748.372	-1.17705645971	0.152750223875046
27749.382	-1.0951393051073	0.190815761685371
27750.394	-1.83344387914985	0.114684671163559
27751.406	-0.766420504078269	0.0766191184520721
27752.418	-1.01217196788639	0.152750223875046
27753.428	-1.17705645971	0.114684671163559
27754.44	-0.930254813283682	0.0766191184520721
27755.452	-1.34089076891541	0.0380655489861965
27756.462	-1.34089076891541	0.0766191184520721
27757.474	-1.50472507812083	0.0766191184520721
27758.484	-1.17705645971	0.114684671163559
27759.496	-1.25897361431271	0.114684671163559
27760.508	-1.34089076891541	0.152750223875046
27761.518	-1.0951393051073	0.0766191184520721
27762.53	-1.17705645971	0.152750223875046
27763.542	-1.25897361431271	0.0766191184520721
27764.554	-1.25897361431271	0.114684671163559
27765.564	-1.0951393051073	0.114684671163559
27766.576	-1.0951393051073	0.0380655489861965
27767.588	-1.34089076891541	0.114684671163559
27768.6	-1.17705645971	0.0766191184520721
27769.61	-1.17705645971	0.114684671163559
27770.622	-1.25897361431271	0.114684671163559
27771.634	-1.17705645971	0.0380655489861965
27772.644	-1.34089076891541	0.114684671163559
27773.656	-1.17705645971	0.0766191184520721
27774.666	-1.34089076891541	0.114684671163559
27775.678	-1.34089076891541	0.0766191184520721
27776.69	-1.42280792351812	0.152750223875046
27777.702	-1.17705645971	0.0766191184520721
27778.712	-1.17705645971	0.0766191184520721
27779.724	-1.0951393051073	0.0766191184520721
27780.734	-1.17705645971	0.152750223875046
27781.746	-1.34089076891541	0.0380655489861965
27782.758	-1.17705645971	0.0766191184520721
27783.768	-1.17705645971	0.0766191184520721
27784.78	-1.34089076891541	0.114684671163559
27785.792	-1.17705645971	0.114684671163559
27786.804	-1.0951393051073	0.0380655489861965
27787.814	-1.50472507812083	0.114684671163559
27788.826	-1.0951393051073	0.114684671163559
27789.838	-1.17705645971	0.114684671163559
27790.848	-1.25897361431271	0.0766191184520721
27791.86	-1.0951393051073	0.114684671163559
27792.872	-1.25897361431271	0.114684671163559
27793.884	-1.25897361431271	0.114684671163559
27794.894	-1.25897361431271	0.0766191184520721
27795.904	-1.34089076891541	0.0766191184520721
27796.916	-1.17705645971	0.114684671163559
27797.928	-1.34089076891541	0.114684671163559
27798.94	-1.0951393051073	0.0380655489861965
27799.95	-1.17705645971	0.0766191184520721
27800.962	-1.25897361431271	0.0766191184520721
27801.974	-1.0951393051073	0.114684671163559
27802.986	-1.17705645971	0.0380655489861965
27803.996	-1.01217196788639	0.114684671163559
27805.008	-1.42280792351812	0.0766191184520721
27806.02	-1.17705645971	0.0766191184520721
27807.03	-1.0951393051073	0.114684671163559
27808.042	-1.34089076891541	0.114684671163559
27809.054	-1.17705645971	0.0766191184520721
27810.066	-1.17705645971	0.114684671163559
27811.076	-0.930254813283682	0.0766191184520721
27812.088	-1.34089076891541	0.152750223875046
27813.1	-1.17705645971	0.0766191184520721
27814.11	-1.25897361431271	0.152750223875046
27815.122	-1.0951393051073	0.114684671163559
27816.132	-1.0951393051073	0.114684671163559
27817.144	-1.0951393051073	0.0766191184520721
27818.156	-1.0951393051073	0.114684671163559
27819.168	-1.01217196788639	0.114684671163559
27820.178	-1.01217196788639	0.152750223875046
27821.19	-1.17705645971	0.0766191184520721
27822.202	-1.25897361431271	0.0766191184520721
27823.214	-1.0951393051073	0.114684671163559
27824.226	-1.0951393051073	0.0766191184520721
27825.236	-1.25897361431271	0.152750223875046
27826.248	-0.930254813283682	0.0766191184520721
27827.258	-1.0951393051073	0.114684671163559
27828.272	-1.01217196788639	0.0766191184520721
27829.282	-1.0951393051073	0.114684671163559
27830.292	-1.25897361431271	0.152750223875046
27831.306	-1.0951393051073	0.114684671163559
27832.316	-1.34089076891541	0.114684671163559
27833.328	-1.17705645971	0.0766191184520721
27834.338	-1.17705645971	0.0766191184520721
27835.35	-1.0951393051073	0.0766191184520721
27836.36	-1.17705645971	0.0766191184520721
27837.372	-1.34089076891541	0.114684671163559
27838.384	-1.34089076891541	0.0766191184520721
27839.396	-1.17705645971	0.114684671163559
27840.406	-1.17705645971	0.0766191184520721
27841.418	-1.0951393051073	0.114684671163559
27842.428	-1.0951393051073	0.0766191184520721
27843.44	-1.25897361431271	0.0766191184520721
27844.452	-1.17705645971	0.0766191184520721
27845.464	-1.01217196788639	0.152750223875046
27846.474	-1.0951393051073	0.114684671163559
27847.486	-1.34089076891541	0.152750223875046
27848.498	-1.25897361431271	0.0766191184520721
27849.51	-1.17705645971	0.114684671163559
27850.52	-1.17705645971	0.0766191184520721
27851.532	-1.0951393051073	0.114684671163559
27852.544	-1.0951393051073	0.114684671163559
27853.554	-1.01217196788639	0.0766191184520721
27854.566	-1.0951393051073	0.0766191184520721
27855.578	-1.17705645971	0.114684671163559
27856.588	-1.0951393051073	0.0380655489861965
27857.598	-1.25897361431271	0.114684671163559
27858.612	-1.01217196788639	0.114684671163559
27859.622	-1.01217196788639	0.0380655489861965
27860.634	-1.17705645971	0.114684671163559
27861.644	-0.930254813283682	0.152750223875046
27862.656	-1.01217196788639	0.0766191184520721
27863.668	-0.930254813283682	0.114684671163559
27864.68	-1.0951393051073	0.114684671163559
27865.69	-1.17705645971	0.114684671163559
27866.702	-0.930254813283682	0.114684671163559
27867.714	-1.17705645971	0.0380655489861965
27868.724	-0.930254813283682	0.114684671163559
27869.738	-1.17705645971	0.114684671163559
27870.748	-1.17705645971	0.114684671163559
27871.76	-1.0951393051073	0.152750223875046
27872.77	-1.0951393051073	0.114684671163559
27873.782	-1.25897361431271	0.190815761685371
27874.794	-1.0951393051073	0.0766191184520721
27875.804	-1.17705645971	0.114684671163559
27876.816	-1.17705645971	0.114684671163559
27877.826	-1.0951393051073	0.0766191184520721
27878.838	-0.930254813283682	0.0766191184520721
27879.85	-1.25897361431271	0.114684671163559
27880.862	-1.34089076891541	0.114684671163559
27881.872	-1.0951393051073	0.114684671163559
27882.884	-1.0951393051073	0.114684671163559
27883.896	-1.25897361431271	0.114684671163559
27884.906	-1.17705645971	0.152750223875046
27885.92	-1.25897361431271	0.152750223875046
27886.93	-0.930254813283682	0.114684671163559
27887.942	-1.17705645971	0.0766191184520721
27888.954	-1.0951393051073	0.0766191184520721
27889.964	-1.01217196788639	0.114684671163559
27890.976	-1.01217196788639	0.152750223875046
27891.988	-1.17705645971	0.0766191184520721
27892.998	-1.01217196788639	0.114684671163559
27894.008	-1.17705645971	0.114684671163559
27895.02	-1.17705645971	0.0766191184520721
27896.032	-1.17705645971	0.114684671163559
27897.044	-1.17705645971	0.114684671163559
27898.054	-1.17705645971	0.0766191184520721
27899.066	-1.58664223272353	0.114684671163559
27900.076	-1.17705645971	0.114684671163559