"sec"	µA	"mV"
9306.443	-0.930254813283682	34.428337097168
9306.658	-223.445579409599	0
9307.669	-60.0051246583462	0.0380655489861965
9308.681	-39.9858318269253	0.0380655489861965
9309.693	-30.7144895195961	0.0766191184520721
9310.704	-24.8889215290546	0.0766191184520721
9311.716	-20.5399598926306	0
9312.727	-17.5867415964603	0
9313.738	-15.2888605371118	0.0380655489861965
9314.75	-13.1558645516634	0.0766191184520721
9315.762	-11.5143703296781	0
9316.773	-10.5303144082427	0
9317.784	-9.54520888626575	0
9318.795	-8.56115203350782	0
9319.808	-7.90476519614458	0
9320.819	-7.16646062210202	0.0766191184520721
9321.83	-6.67390739545226	0.0766191184520721
9322.841	-6.26327143982053	0.0766191184520721
9323.851	-6.01752009242773	0.0380655489861965
9324.863	-5.9356028214097	0
9325.875	-5.36113232374191	0.0766191184520721
9326.887	-5.11538097634912	0.0380655489861965
9327.897	-4.86857956275344	0.0766191184520721
9328.909	-4.70474502071738	0.0766191184520721
9329.92	-4.54091094434261	0.0766191184520721
9330.931	-4.29410906508565	0
9331.943	-4.29410906508565	0.0766191184520721
9332.955	-4.04835771769285	0.0766191184520721
9333.966	-3.96644044667482	0.0380655489861965
9334.977	-4.21219179406762	0
9335.989	-3.96644044667482	-0.0380655489861965
9337	-3.96644044667482	0.0380655489861965
9338.012	-3.80260613746941	0
9339.023	-3.72068909928203	0.0380655489861965
9340.034	-3.72068909928203	0
9341.046	-3.72068909928203	-0.0380655489861965
9342.056	-3.63772176206112	0.114684671163559
9343.068	-3.63772176206112	0.0766191184520721
9344.079	-3.55580449104309	0.0766191184520721
9345.091	-3.55580449104309	0.0766191184520721
9346.102	-3.39197018183768	0.0766191184520721
9347.114	-3.39197018183768	0.0766191184520721
9348.125	-3.31005314365029	0.0766191184520721
9349.137	-3.31005314365029	0.0380655489861965
9350.148	-3.39197018183768	0.0766191184520721
9351.159	-3.22813587263227	0.0380655489861965
9352.171	-3.22813587263227	0.0766191184520721
9353.182	-3.14621883444488	0.0380655489861965
9354.194	-3.14621883444488	0
9355.205	-3.14621883444488	0
9356.216	-3.14621883444488	0
9357.228	-3.14621883444488	0.0766191184520721
9358.239	-3.14621883444488	0
9359.251	-3.22813587263227	0.0766191184520721
9360.261	-3.22813587263227	0.0766191184520721
9361.272	-2.98133422620595	0.0766191184520721
9362.283	-3.14621883444488	0.0766191184520721
9363.295	-2.98133422620595	0.0380655489861965
9364.306	-3.06430156342685	0.0380655489861965
9365.318	-2.98133422620595	0.114684671163559
9366.329	-3.06430156342685	0.0380655489861965
9367.34	-2.98133422620595	0
9368.352	-2.98133422620595	0.0766191184520721
9369.363	-2.98133422620595	0.0766191184520721
9370.375	-2.98133422620595	0.0766191184520721
9371.386	-3.14621883444488	0.0766191184520721
9372.398	-3.14621883444488	0.0766191184520721
9373.409	-3.06430156342685	0.0380655489861965
9374.421	-3.06430156342685	0.0380655489861965
9375.432	-2.98133422620595	0.0380655489861965
9376.443	-2.98133422620595	0.0766191184520721
9377.455	-2.98133422620595	0.0766191184520721
9378.466	-2.89941718801856	0.0766191184520721
9379.478	-2.98133422620595	0
9380.489	-2.89941718801856	0
9381.5	-2.98133422620595	-0.0380655489861965
9382.511	-2.89941718801856	-0.0380655489861965
9383.522	-2.98133422620595	0
9384.534	-2.89941718801856	0.0766191184520721
9385.545	-2.89941718801856	0.0766191184520721
9386.557	-2.98133422620595	0
9387.568	-2.98133422620595	0.0380655489861965
9388.58	-2.89941718801856	0.0766191184520721
9389.591	-2.98133422620595	0.0380655489861965
9390.603	-2.89941718801856	0.0380655489861965
9391.614	-2.98133422620595	0.0766191184520721
9392.626	-2.89941718801856	0.0766191184520721
9393.637	-2.81749991700053	0.0766191184520721
9394.648	-2.89941718801856	0.0766191184520721
9395.661	-2.73558287881315	0.0766191184520721
9396.672	-2.73558287881315	0.0766191184520721
9397.708	-2.73558287881315	0.0766191184520721
9398.694	-2.89941718801856	0
9399.706	-2.73558287881315	0.0380655489861965
9400.717	-2.81749991700053	0
9401.728	-2.65366560779512	0.114684671163559
9402.739	-2.65366560779512	0.114684671163559
9403.751	-2.73558287881315	0
9404.763	-2.48983129858971	0.0380655489861965
9405.773	-2.65366560779512	0.0766191184520721
9406.785	-2.73558287881315	0
9407.797	-2.89941718801856	0
9408.808	-2.48983129858971	0.0766191184520721
9409.82	-2.65366560779512	0
9410.83	-2.65366560779512	0.114684671163559
9411.843	-2.65366560779512	0.0766191184520721
9412.853	-2.57174856960773	0.0380655489861965
9413.865	-2.48983129858971	0.0766191184520721
9414.877	-2.57174856960773	0.114684671163559
9415.889	-2.48983129858971	0.0766191184520721
9416.9	-2.57174856960773	0
9417.912	-2.57174856960773	0.0766191184520721
9418.922	-2.57174856960773	0.0380655489861965
9419.933	-2.48983129858971	0.114684671163559
9420.943	-2.40791426040232	0.114684671163559
9421.955	-2.48983129858971	0.0766191184520721
9422.966	-2.48983129858971	0.0766191184520721
9423.978	-2.81749991700053	0.114684671163559
9424.989	-2.73558287881315	0.0766191184520721
9426	-2.89941718801856	0.0766191184520721
9427.013	-2.65366560779512	0.0380655489861965
9428.023	-2.57174856960773	0.0766191184520721
9429.034	-2.57174856960773	0.0766191184520721
9430.046	-2.48983129858971	0
9431.058	-2.48983129858971	0.0766191184520721
9432.07	-2.48983129858971	0.0766191184520721
9433.08	-2.73558287881315	0.0766191184520721
9434.093	-2.48983129858971	0.0766191184520721
9435.104	-2.48983129858971	0.114684671163559
9436.115	-2.24302965216339	0.0766191184520721
9437.127	-2.57174856960773	0.114684671163559
9438.138	-2.24302965216339	0.0766191184520721
9439.149	-2.40791426040232	0.0766191184520721
9440.159	-2.48983129858971	0.0766191184520721
9441.172	-2.161112613976	0.0380655489861965
9442.182	-2.48983129858971	0.0766191184520721
9443.194	-2.32494692318141	0.0766191184520721
9444.206	-2.65366560779512	0
9445.217	-2.32494692318141	0.0766191184520721
9446.228	-2.48983129858971	0.0766191184520721
9447.239	-2.48983129858971	0
9448.251	-2.40791426040232	0
9449.262	-2.40791426040232	0.0380655489861965
9450.274	-2.24302965216339	0.0766191184520721
9451.285	-2.40791426040232	0.0766191184520721
9452.297	-2.40791426040232	0.0766191184520721
9453.308	-2.32494692318141	0.114684671163559
9454.319	-2.07919534295797	0.114684671163559
9455.331	-2.65366560779512	0.0766191184520721
9456.343	-2.24302965216339	0.0766191184520721
9457.354	-2.32494692318141	0.0380655489861965
9458.366	-2.161112613976	0.0766191184520721
9459.376	-2.48983129858971	0.0380655489861965
9460.387	-2.40791426040232	0.114684671163559
9461.4	-1.99727830477059	0.0380655489861965
9462.41	-2.24302965216339	0.0380655489861965
9463.421	-2.40791426040232	0.0766191184520721
9464.434	-2.40791426040232	0.0766191184520721
9465.444	-1.83344387914985	0.114684671163559
9466.456	-2.32494692318141	0.0380655489861965
9467.467	-2.40791426040232	0
9468.479	-2.161112613976	0.0766191184520721
9469.491	-2.161112613976	0.0380655489861965
9470.502	-2.48983129858971	0.0380655489861965
9471.514	-1.83344387914985	0.0766191184520721
9472.524	-2.07919534295797	0.0766191184520721
9473.537	-2.07919534295797	0.114684671163559
9474.547	-2.24302965216339	0.0380655489861965
9475.56	-2.24302965216339	0.0766191184520721
9476.57	-2.07919534295797	0.0766191184520721
9477.582	-2.161112613976	0.114684671163559
9478.594	-1.99727830477059	0.0380655489861965
9479.604	-2.24302965216339	0.0766191184520721
9480.614	-2.40791426040232	0.0766191184520721
9481.625	-1.99727830477059	0.0766191184520721
9482.638	-2.40791426040232	0.0766191184520721
9483.649	-2.161112613976	0.0766191184520721
9484.661	-1.83344387914985	0.0766191184520721
9485.672	-1.99727830477059	0.114684671163559
9486.683	-1.99727830477059	0.0766191184520721
9487.694	-1.99727830477059	0.0766191184520721
9488.705	-2.161112613976	0.114684671163559
9489.717	-2.24302965216339	0.0766191184520721
9490.728	-1.83344387914985	0.0766191184520721
9491.74	-2.32494692318141	0.0380655489861965
9492.751	-1.99727830477059	0.114684671163559
9493.763	-2.161112613976	0.114684671163559
9494.774	-1.91536103375256	0.0766191184520721
9495.786	-2.07919534295797	0.0380655489861965
9496.797	-2.161112613976	0.0766191184520721
9497.808	-1.99727830477059	0.0766191184520721
9498.819	-2.40791426040232	0.0380655489861965
9499.83	-2.07919534295797	0
9500.842	-2.40791426040232	0.0766191184520721
9501.853	-1.99727830477059	0.0766191184520721
9502.865	-1.99727830477059	0.0766191184520721
9503.876	-1.91536103375256	0.0380655489861965
9504.887	-1.99727830477059	0
9505.899	-1.91536103375256	0.0766191184520721
9506.91	-1.75152672454715	0.0766191184520721
9507.922	-1.83344387914985	0.0766191184520721
9508.933	-1.83344387914985	0.0766191184520721
9509.945	-1.99727830477059	0.0380655489861965
9510.956	-1.91536103375256	0.0766191184520721
9511.968	-1.83344387914985	0.0766191184520721
9512.979	-1.83344387914985	0.0766191184520721
9513.991	-1.83344387914985	0.0766191184520721
9515.002	-1.99727830477059	0.152750223875046
9516.013	-1.75152672454715	0.0766191184520721
9517.025	-2.07919534295797	0.0380655489861965
9518.036	-1.99727830477059	0.114684671163559
9519.047	-1.83344387914985	0.114684671163559
9520.058	-1.75152672454715	0.0766191184520721
9521.07	-1.83344387914985	0.0766191184520721
9522.081	-1.91536103375256	0.0766191184520721
9523.092	-1.75152672454715	0.0380655489861965
9524.104	-2.07919534295797	0
9525.115	-1.83344387914985	0.0766191184520721
9526.127	-1.75152672454715	0.0766191184520721
9527.138	-1.83344387914985	0.0766191184520721
9528.15	-1.83344387914985	0.114684671163559
9529.161	-1.83344387914985	0.114684671163559
9530.173	-1.99727830477059	0.0766191184520721
9531.184	-1.91536103375256	0.114684671163559
9532.195	-2.07919534295797	0.0766191184520721
9533.207	-1.83344387914985	0.114684671163559
9534.218	-1.75152672454715	0.0766191184520721
9535.23	-1.99727830477059	0.0380655489861965
9536.241	-1.99727830477059	0.0766191184520721
9537.253	-1.99727830477059	0.114684671163559
9538.263	-1.83344387914985	0.114684671163559
9539.275	-1.91536103375256	0.0766191184520721
9540.285	-1.83344387914985	0.0380655489861965
9541.296	-1.66855938732624	0.114684671163559
9542.308	-1.99727830477059	0.0380655489861965
9543.319	-2.07919534295797	0.0766191184520721
9544.331	-1.83344387914985	0.114684671163559
9545.342	-1.91536103375256	0.0766191184520721
9546.354	-1.83344387914985	0.0766191184520721
9547.365	-1.91536103375256	0.0766191184520721
9548.377	-1.75152672454715	0.0380655489861965
9549.388	-1.83344387914985	0.0766191184520721
9550.4	-1.91536103375256	0.114684671163559
9551.411	-1.83344387914985	0.0380655489861965
9552.422	-1.83344387914985	0.0766191184520721
9553.435	-1.75152672454715	0.0766191184520721
9554.446	-1.75152672454715	0.0766191184520721
9555.458	-1.83344387914985	0.0766191184520721
9556.468	-1.58664223272353	0.114684671163559
9557.479	-1.83344387914985	0.0380655489861965
9558.49	-1.83344387914985	0.114684671163559
9559.501	-1.66855938732624	0.0766191184520721
9560.513	-2.07919534295797	0.114684671163559
9561.525	-1.66855938732624	0.0766191184520721
9562.536	-1.83344387914985	0.0380655489861965
9563.547	-1.83344387914985	0.0380655489861965
9564.56	-1.58664223272353	0.0766191184520721
9565.571	-1.83344387914985	0.0380655489861965
9566.582	-1.83344387914985	0.0766191184520721
9567.593	-1.83344387914985	0
9568.604	-1.83344387914985	0.0766191184520721
9569.617	-1.91536103375256	0.0766191184520721
9570.628	-1.75152672454715	0.0766191184520721
9571.639	-1.66855938732624	0.0766191184520721
9572.65	-1.83344387914985	0.114684671163559
9573.662	-1.58664223272353	0.0766191184520721
9574.674	-1.66855938732624	0.114684671163559
9575.685	-1.75152672454715	0.0766191184520721
9576.696	-1.58664223272353	0.0766191184520721
9577.706	-1.75152672454715	0.0766191184520721
9578.718	-1.75152672454715	0.114684671163559
9579.729	-1.75152672454715	0.0766191184520721
9580.741	-1.75152672454715	0.0380655489861965
9581.752	-1.58664223272353	0.114684671163559
9582.764	-1.83344387914985	0.0766191184520721
9583.775	-1.83344387914985	0
9584.787	-1.83344387914985	0.0380655489861965
9585.798	-1.66855938732624	0.0380655489861965
9586.809	-1.83344387914985	0.0766191184520721
9587.822	-1.66855938732624	0.114684671163559
9588.832	-1.75152672454715	0.114684671163559
9589.844	-1.75152672454715	0.0766191184520721
9590.856	-1.75152672454715	0.0766191184520721
9591.867	-1.75152672454715	0.114684671163559
9592.878	-1.75152672454715	0
9593.889	-1.75152672454715	0.0766191184520721
9594.901	-1.83344387914985	0.0766191184520721
9595.912	-1.83344387914985	0.0766191184520721
9596.924	-1.75152672454715	0.0380655489861965
9597.935	-1.66855938732624	0.0766191184520721
9598.946	-1.83344387914985	0.114684671163559
9599.957	-1.83344387914985	0.0766191184520721
9600.969	-1.75152672454715	0.114684671163559