10800.879	-0.848337658680975	8.65503215789795
10801.591	-11.5973381325603	0.0766191184520721
10802.602	-4.21219179406762	0.114684671163559
10803.613	-2.89941718801856	0.0766191184520721
10804.624	-2.48983129858971	0.0766191184520721
10805.637	-1.99727830477059	0.114684671163559
10806.647	-2.65366560779512	0.0766191184520721
10807.66	-1.50472507812083	0.0766191184520721
10808.671	-1.99727830477059	0.0380655489861965
10809.682	-1.83344387914985	0.0766191184520721
10810.693	-1.83344387914985	0.152750223875046
10811.705	-1.75152672454715	0.114684671163559
10812.717	-1.58664223272353	0.152750223875046
10813.727	-1.34089076891541	0.0766191184520721
10814.739	-1.50472507812083	0.0766191184520721
10815.75	-1.25897361431271	0.0766191184520721
10816.761	-1.34089076891541	0.0380655489861965
10817.773	-1.25897361431271	0.0766191184520721
10818.784	-1.17705645971	0.0766191184520721
10819.796	-1.0951393051073	0.0766191184520721
10820.807	-1.0951393051073	0.114684671163559
10821.819	-1.34089076891541	0.0380655489861965
10822.829	-0.930254813283682	0.114684671163559
10823.841	-1.0951393051073	0.0766191184520721
10824.853	-0.930254813283682	0.0380655489861965
10825.865	-1.0951393051073	0.152750223875046
10826.875	-1.0951393051073	0.114684671163559
10827.887	-1.01217196788639	0.0766191184520721
10828.899	-0.930254813283682	0.114684671163559
10829.91	-0.848337658680975	0.0766191184520721
10830.922	-1.17705645971	0.0766191184520721
10831.932	-1.0951393051073	0.0766191184520721
10832.944	-1.17705645971	0.0766191184520721
10833.955	-0.930254813283682	0.0380655489861965
10834.966	-0.848337658680975	0.114684671163559
10835.977	-0.930254813283682	0.0766191184520721
10836.988	-1.17705645971	0.114684671163559
10838	-0.930254813283682	0.0766191184520721
10839.011	-0.848337658680975	0.114684671163559
10840.023	-0.930254813283682	0.0380655489861965
10841.034	-0.848337658680975	0.0766191184520721
10842.046	-1.01217196788639	0.0380655489861965
10843.057	-0.848337658680975	0.114684671163559
10844.068	-0.848337658680975	0.114684671163559
10845.08	-0.930254813283682	0.152750223875046
10846.091	-1.0951393051073	0.114684671163559
10847.103	-1.01217196788639	0.0766191184520721
10848.114	-0.766420504078269	0.114684671163559
10849.126	-0.930254813283682	0.0766191184520721
10850.137	-1.0951393051073	0.0766191184520721
10851.149	-0.766420504078269	0.114684671163559
10852.16	-1.0951393051073	0.114684671163559
10853.171	-0.684503349475563	0.0380655489861965
10854.183	-1.0951393051073	0.114684671163559
10855.193	-0.930254813283682	0.0766191184520721
10856.205	-1.0951393051073	0.114684671163559
10857.216	-0.848337658680975	0.0766191184520721
10858.228	-0.766420504078269	0.0766191184520721
10859.239	-1.01217196788639	0.0766191184520721
10860.25	-0.766420504078269	0.0766191184520721
10861.261	-0.848337658680975	0.114684671163559
10862.272	-0.766420504078269	0.114684671163559
10863.284	-1.01217196788639	0.114684671163559
10864.295	-0.930254813283682	0.0766191184520721
10865.307	-0.930254813283682	0.114684671163559
10866.318	-0.848337658680975	0.0766191184520721
10867.33	-0.684503349475563	0.0766191184520721
10868.341	-0.930254813283682	0.114684671163559
10869.353	-0.766420504078269	0.114684671163559
10870.364	-0.848337658680975	0.0766191184520721
10871.375	-0.848337658680975	0.114684671163559
10872.387	-0.930254813283682	0.114684671163559
10873.398	-0.684503349475563	0.0766191184520721
10874.409	-0.848337658680975	0.0766191184520721
10875.42	-0.930254813283682	0
10876.432	-0.766420504078269	0.0766191184520721
10877.443	-0.930254813283682	0.0766191184520721
10878.455	-0.684503349475563	0.0380655489861965
10879.466	-0.930254813283682	0.0766191184520721
10880.477	-0.848337658680975	0.0766191184520721
10881.489	-0.930254813283682	0.0380655489861965
10882.5	-0.684503349475563	0.0766191184520721
10883.512	-0.848337658680975	0.114684671163559
10884.523	-0.848337658680975	0.0766191184520721
10885.535	-0.766420504078269	0.0766191184520721
10886.546	-0.930254813283682	0.114684671163559
10887.558	-0.930254813283682	0.114684671163559
10888.569	-0.930254813283682	0.114684671163559
10889.58	-0.848337658680975	0.0766191184520721
10890.592	-0.930254813283682	0.0766191184520721
10891.603	-0.930254813283682	0.114684671163559
10892.615	-0.848337658680975	0.114684671163559
10893.625	-0.930254813283682	0.114684671163559
10894.637	-0.848337658680975	0.0766191184520721
10895.648	-0.930254813283682	0.0380655489861965
10896.66	-0.848337658680975	0.0766191184520721
10897.671	-0.930254813283682	0.114684671163559
10898.682	-0.766420504078269	0.0766191184520721
10899.695	-0.766420504078269	0.114684671163559
10900.706	-0.930254813283682	0.0766191184520721
10901.718	-0.684503349475563	0.0766191184520721
10902.728	-0.930254813283682	0
10903.74	-0.848337658680975	0.0766191184520721
10904.751	-0.930254813283682	0.114684671163559
10905.763	-0.930254813283682	0.0766191184520721
10906.775	-0.848337658680975	0.0766191184520721
10907.785	-0.930254813283682	0.0766191184520721
10908.797	-0.848337658680975	0.0766191184520721
10909.808	-0.848337658680975	0.114684671163559
10910.82	-0.766420504078269	0.114684671163559
10911.831	-0.930254813283682	0.0766191184520721
10912.844	-0.848337658680975	0.0766191184520721
10913.853	-0.766420504078269	0.0766191184520721
10914.865	-1.0951393051073	0.0766191184520721
10915.877	-0.766420504078269	0.0766191184520721
10916.887	-0.930254813283682	0.0766191184520721
10917.9	-0.930254813283682	0.0766191184520721
10918.911	-0.930254813283682	0.114684671163559
10919.922	-0.848337658680975	0.114684671163559
10920.933	-0.848337658680975	0.114684671163559
10921.945	-0.848337658680975	0.114684671163559
10922.955	-0.766420504078269	0.0766191184520721
10923.967	-0.848337658680975	0.114684671163559
10924.978	-0.766420504078269	0.0380655489861965
10925.99	-0.930254813283682	0.114684671163559
10927.002	-0.848337658680975	0.0380655489861965
10928.012	-0.848337658680975	0.0766191184520721
10929.025	-0.848337658680975	0.0766191184520721
10930.036	-0.684503349475563	0.0380655489861965
10931.047	-0.930254813283682	0.114684671163559
10932.058	-0.848337658680975	0.114684671163559
10933.069	-0.930254813283682	0.0380655489861965
10934.081	-0.930254813283682	0.114684671163559
10935.091	-0.766420504078269	0.0766191184520721
10936.103	-0.930254813283682	0.114684671163559
10937.114	-0.930254813283682	0.0766191184520721
10938.127	-0.848337658680975	0.114684671163559
10939.137	-0.848337658680975	0.0766191184520721
10940.148	-0.766420504078269	0.0766191184520721
10941.16	-0.848337658680975	0.114684671163559
10942.171	-0.766420504078269	0.114684671163559
10943.184	-0.930254813283682	0.0766191184520721
10944.195	-0.848337658680975	0.0766191184520721
10945.207	-0.930254813283682	0.114684671163559
10946.217	-0.848337658680975	0.0766191184520721
10947.229	-0.930254813283682	0.0766191184520721
10948.241	-0.930254813283682	0.0766191184520721
10949.251	-0.848337658680975	0.0766191184520721
10950.263	-0.930254813283682	0.114684671163559
10951.275	-0.930254813283682	0.0766191184520721
10952.287	-0.930254813283682	0.0766191184520721
10953.296	-0.930254813283682	0.0766191184520721
10954.308	-0.766420504078269	0.0766191184520721
10955.32	-0.848337658680975	0.0766191184520721
10956.332	-0.766420504078269	0.114684671163559
10957.343	-0.848337658680975	0.0766191184520721
10958.354	-0.848337658680975	0.114684671163559
10959.365	-0.848337658680975	0.0766191184520721
10960.376	-0.848337658680975	0.0766191184520721
10961.389	-0.848337658680975	0.114684671163559
10962.4	-0.848337658680975	0.114684671163559
10963.412	-0.848337658680975	0.0766191184520721
10964.422	-0.930254813283682	0.0766191184520721
10965.434	-0.848337658680975	0.0766191184520721
10966.445	-0.930254813283682	0.0766191184520721
10967.456	-0.930254813283682	0.0766191184520721
10968.468	-0.848337658680975	0.0766191184520721
10969.479	-0.930254813283682	0.114684671163559
10970.491	-0.684503349475563	0.0766191184520721
10971.502	-0.848337658680975	0.0766191184520721
10972.514	-0.684503349475563	0.114684671163559
10973.524	-0.930254813283682	0.0766191184520721
10974.535	-0.848337658680975	0.0380655489861965
10975.547	-0.930254813283682	0.0380655489861965
10976.559	-0.930254813283682	0.0380655489861965
10977.571	-0.848337658680975	0.0766191184520721
10978.582	-0.848337658680975	0.0766191184520721
10979.593	-0.848337658680975	0.0766191184520721
10980.604	-0.848337658680975	0.114684671163559
10981.615	-0.684503349475563	0.0766191184520721
10982.627	-0.848337658680975	0.0380655489861965
10983.637	-0.848337658680975	0.0766191184520721
10984.649	-0.848337658680975	0.114684671163559
10985.661	-0.848337658680975	0.114684671163559
10986.673	-0.930254813283682	0.0766191184520721
10987.683	-0.848337658680975	0.0766191184520721
10988.695	-0.848337658680975	0.0766191184520721
10989.706	-1.0951393051073	0.0766191184520721
10990.718	-0.848337658680975	0
10991.729	-1.01217196788639	0.0380655489861965
10992.739	-0.848337658680975	0.0380655489861965
10993.751	-0.930254813283682	0
10994.762	-0.930254813283682	0.0380655489861965
10995.774	-0.848337658680975	0.0380655489861965
10996.785	-0.930254813283682	0
10997.797	-0.766420504078269	0.0766191184520721
10998.814	-0.930254813283682	0.114684671163559
10999.82	-0.930254813283682	0.0380655489861965
11000.831	-0.766420504078269	0.0766191184520721
11001.842	-0.848337658680975	0.0766191184520721
11002.854	-0.930254813283682	0.0766191184520721
11003.865	-0.848337658680975	0.0766191184520721
11004.877	-0.766420504078269	0.114684671163559
11005.888	-1.01217196788639	0.0766191184520721
11006.9	-0.848337658680975	0.0766191184520721
11007.911	-0.930254813283682	0.0766191184520721
11008.923	-0.684503349475563	0.0766191184520721
11009.934	-0.848337658680975	0.0766191184520721
11010.945	-0.848337658680975	0.0766191184520721
11011.956	-1.01217196788639	0.0380655489861965
11012.967	-0.848337658680975	0.0766191184520721
11013.979	-0.848337658680975	0.0766191184520721
