13001,25    -0,766420504078269    5,52828884124756
13001,328    -61,6466179490089    0,0766191184520721
13002,341    -4,62282774969935    0,0380655489861965
13003,351    -2,81749991700053    0,0766191184520721
13004,363    -1,66855938732624    0,0766191184520721
13005,375    -1,83344387914985    0,0766191184520721
13006,386    -2,07919534295797    0,0766191184520721
13007,397    -1,42280792351812    0,0766191184520721
13008,409    -1,75152672454715    0,0766191184520721
13009,42    -1,50472507812083    0,0766191184520721
13010,432    -1,58664223272353    0,190815761685371
13011,443    -1,34089076891541    0,0766191184520721
13012,454    -1,58664223272353    0,114684671163559
13013,466    -1,0951393051073    0,114684671163559
13014,477    -1,42280792351812    0,0766191184520721
13015,488    -1,0951393051073    0,0766191184520721
13016,499    -1,25897361431271    0,114684671163559
13017,51    -1,34089076891541    0,0380655489861965
13018,522    -1,0951393051073    0,0766191184520721
13019,533    -1,17705645971    0,114684671163559
13020,544    -1,0951393051073    0,0766191184520721
13021,555    -1,0951393051073    0,114684671163559
13022,567    -1,01217196788639    0,0766191184520721
13023,578    -0,848337658680975    0,0766191184520721
13024,59    -0,930254813283682    0,0766191184520721
13025,605    -0,930254813283682    0,0766191184520721
13026,612    -0,848337658680975    0,0766191184520721
13027,624    -0,848337658680975    0,0380655489861965
13028,635    -0,766420504078269    0,0766191184520721
13029,647    -1,01217196788639    0,0766191184520721
13030,658    -0,930254813283682    0,0766191184520721
13031,67    -0,930254813283682    0,114684671163559
13032,681    -0,930254813283682    0,0766191184520721
13033,692    -1,0951393051073    0,0766191184520721
13034,703    -0,766420504078269    0,0766191184520721
13035,714    -0,930254813283682    0,0380655489861965
13036,726    -1,01217196788639    0,0766191184520721
13037,737    -0,848337658680975    0,0766191184520721
13038,749    -0,848337658680975    0,0766191184520721
13039,76    -0,848337658680975    0,0766191184520721
13040,772    -0,848337658680975    0,114684671163559
13041,783    -0,848337658680975    0,0380655489861965
13042,794    -0,930254813283682    0,0766191184520721
13043,806    -0,684503349475563    0,114684671163559
13044,817    -1,0951393051073    0,0766191184520721
13045,829    -0,848337658680975    0,114684671163559
13046,84    -0,930254813283682    0,114684671163559
13047,852    -0,766420504078269    0,0766191184520721
13048,863    -0,930254813283682    0
13049,875    -0,848337658680975    0,0766191184520721
13050,886    -0,848337658680975    0,0766191184520721
13051,897    -1,01217196788639    0,114684671163559
13052,909    -0,848337658680975    0,114684671163559
13053,919    -1,0951393051073    0,0766191184520721
13054,931    -0,766420504078269    0,0766191184520721
13055,942    -0,848337658680975    0,0766191184520721
13056,954    -0,930254813283682    0,114684671163559
13057,965    -0,930254813283682    0,0766191184520721
13058,977    -0,766420504078269    0,114684671163559
13059,988    -0,766420504078269    0,0380655489861965
13061    -0,848337658680975    0,114684671163559
13062,011    -0,930254813283682    0,0380655489861965
13063,022    -0,848337658680975    0,0766191184520721
13064,034    -0,930254813283682    0,114684671163559
13065,045    -0,930254813283682    0,0380655489861965
13066,057    -0,848337658680975    0,0766191184520721
13067,068    -1,01217196788639    0,0766191184520721
13068,079    -0,848337658680975    0
13069,091    -1,01217196788639    0,0380655489861965
13070,102    -0,766420504078269    0,0380655489861965
13071,114    -0,930254813283682    0,114684671163559
13072,125    -0,684503349475563    0,114684671163559
13073,137    -1,01217196788639    0
13074,147    -0,848337658680975    0,0766191184520721
13075,159    -1,01217196788639    0,0766191184520721
13076,17    -0,848337658680975    0,114684671163559
13077,182    -0,848337658680975    0,0766191184520721
13078,194    -0,684503349475563    0,0766191184520721
13079,205    -0,766420504078269    0,0380655489861965
13080,215    -0,848337658680975    0,114684671163559
13081,226    -0,848337658680975    0,0766191184520721
13082,238    -0,930254813283682    0,0766191184520721
13083,25    -0,848337658680975    0,0766191184520721
13084,261    -0,930254813283682    0,114684671163559
13085,272    -0,684503349475563    0,114684671163559
13086,285    -1,01217196788639    0,0766191184520721
13087,295    -0,848337658680975    0,114684671163559
13088,307    -0,684503349475563    0,0380655489861965
13089,319    -0,930254813283682    0,0766191184520721
13090,329    -0,684503349475563    0,0766191184520721
13091,342    -1,01217196788639    0,0766191184520721
13092,353    -0,848337658680975    0,114684671163559
13093,363    -1,01217196788639    0,0766191184520721
13094,374    -0,766420504078269    0,0766191184520721
13095,386    -0,848337658680975    0,114684671163559
13096,397    -0,848337658680975    0,0766191184520721
13097,409    -0,848337658680975    0,114684671163559
13098,421    -1,0951393051073    0,0766191184520721
13099,432    -0,848337658680975    0,114684671163559
13100,444    -1,01217196788639    0,0766191184520721
13101,454    -0,930254813283682    0,114684671163559
13102,467    -0,930254813283682    0,0766191184520721
13103,478    -0,766420504078269    0,114684671163559
13104,488    -0,930254813283682    0,0766191184520721
13105,5    -1,01217196788639    0,0766191184520721
13106,512    -0,766420504078269    0,114684671163559
13107,523    -0,930254813283682    0,0766191184520721
13108,535    -0,930254813283682    0,0766191184520721
13109,547    -0,930254813283682    0,0766191184520721
13110,558    -0,848337658680975    0,114684671163559
13111,569    -0,930254813283682    0,114684671163559
13112,58    -1,0951393051073    0,114684671163559
13113,591    -0,848337658680975    0,114684671163559
13114,603    -1,01217196788639    0,114684671163559
13115,613    -0,848337658680975    0,0766191184520721
13116,625    -0,930254813283682    0,0766191184520721
13117,637    -0,848337658680975    0,0766191184520721
13118,648    -0,930254813283682    0,114684671163559
13119,66    -0,848337658680975    0,0766191184520721
13120,671    -0,848337658680975    0,114684671163559
13121,682    -0,848337658680975    0,0766191184520721
13122,694    -0,766420504078269    0,0766191184520721
13123,705    -0,930254813283682    0,114684671163559
13124,716    -0,848337658680975    0,0766191184520721
13125,729    -0,930254813283682    0
13126,74    -0,848337658680975    0,0766191184520721
13127,751    -0,766420504078269    0,114684671163559
13128,762    -0,684503349475563    0,114684671163559
13129,775    -0,848337658680975    0,114684671163559
13130,786    -1,01217196788639    0,114684671163559
13131,796    -0,848337658680975    0,0766191184520721
13132,807    -0,930254813283682    0,0766191184520721
13133,818    -0,848337658680975    0,0766191184520721
13134,83    -0,848337658680975    0,0380655489861965
13135,842    -0,930254813283682    0,0766191184520721
13136,853    -0,848337658680975    0,0766191184520721
13137,865    -0,930254813283682    0,0766191184520721
13138,877    -0,848337658680975    0,114684671163559
13139,888    -1,01217196788639    0,0766191184520721
13140,898    -0,848337658680975    0,0766191184520721
13141,909    -0,930254813283682    0,114684671163559
13142,921    -0,848337658680975    0,114684671163559
13143,932    -0,848337658680975    0,114684671163559
13144,943    -1,01217196788639    0,0380655489861965
13145,955    -0,848337658680975    0,0766191184520721
13146,966    -1,01217196788639    0,114684671163559
13147,977    -0,848337658680975    0,0766191184520721
13148,989    -0,848337658680975    0,0766191184520721
13150,001    -0,930254813283682    0,114684671163559
13151,012    -0,848337658680975    0,114684671163559
13152,023    -0,930254813283682    0,0766191184520721
13153,035    -0,848337658680975    0,114684671163559
13154,045    -0,848337658680975    0,152750223875046
13155,058    -0,766420504078269    0,0766191184520721
13156,068    -0,930254813283682    0,0766191184520721
13157,079    -0,684503349475563    0,114684671163559
13158,092    -0,766420504078269    0,0380655489861965
13159,102    -0,930254813283682    0,0766191184520721
13160,115    -0,848337658680975    0,0766191184520721
13161,126    -1,01217196788639    0,0766191184520721
13162,137    -0,848337658680975    0,114684671163559
13163,148    -0,930254813283682    0,152750223875046
13164,16    -0,848337658680975    0,0380655489861965
13165,171    -1,01217196788639    0,114684671163559
13166,182    -0,848337658680975    0,114684671163559
13167,194    -1,0951393051073    0,114684671163559
13168,206    -0,930254813283682    0,114684671163559
13169,218    -0,848337658680975    0,114684671163559
13170,228    -1,01217196788639    0,152750223875046
13171,24    -0,766420504078269    0,0766191184520721
13172,25    -0,930254813283682    0,114684671163559
13173,262    -0,684503349475563    0,0766191184520721
13174,273    -0,848337658680975    0,0766191184520721
13175,284    -0,684503349475563    0,114684671163559
13176,296    -1,01217196788639    0,0766191184520721
13177,307    -0,848337658680975    0,114684671163559
13178,319    -0,848337658680975    0,0766191184520721
13179,33    -0,930254813283682    0,0766191184520721
13180,342    -0,848337658680975    0,114684671163559
13181,353    -0,930254813283682    0,0766191184520721
13182,365    -0,930254813283682    0,0380655489861965
13183,376    -0,848337658680975    0,0766191184520721
13184,387    -0,766420504078269    0,114684671163559
13185,399    -0,930254813283682    0,0380655489861965
13186,41    -0,848337658680975    0,114684671163559
13187,422    -0,766420504078269    0,0766191184520721
13188,433    -0,930254813283682    0,0766191184520721
13189,445    -0,848337658680975    0,114684671163559
13190,456    -0,930254813283682    0,0766191184520721
13191,467    -0,848337658680975    0,114684671163559
13192,478    -0,930254813283682    0,152750223875046
13193,489    -0,848337658680975    0,114684671163559
13194,501    -0,930254813283682    0,114684671163559
13195,512    -0,930254813283682    0,0766191184520721
13196,524    -0,930254813283682    0,114684671163559
13197,535    -0,930254813283682    0,114684671163559
13198,547    -0,766420504078269    0,0766191184520721
13199,558    -0,848337658680975    0,114684671163559
13200,568    -0,930254813283682    0
13201,58    -0,848337658680975    0,0766191184520721
13202,591    -0,848337658680975    0,0380655489861965
13203,603    -0,848337658680975    0,190815761685371
13204,614    -0,848337658680975    0,114684671163559
13205,626    -0,848337658680975    0,0766191184520721
13206,637    -0,930254813283682    0,0766191184520721
13207,649    -0,848337658680975    0,0766191184520721
13208,66    -0,766420504078269    0,0380655489861965
13209,671    -0,930254813283682    0,0766191184520721
13210,683    -0,848337658680975    0,0766191184520721
13211,693    -0,930254813283682    0,0766191184520721
13212,705    -0,930254813283682    0,0380655489861965
13213,716    -0,930254813283682    0,0766191184520721
13214,728    -0,848337658680975    0,114684671163559
13215,739    -0,848337658680975    0,0766191184520721
13216,751    -1,01217196788639    0,0766191184520721
13217,762    -0,684503349475563    0,0380655489861965
13218,773    -0,848337658680975    0,114684671163559
13219,785    -0,602586194872856    0,114684671163559
13220,796    -0,848337658680975    0,114684671163559
13221,808    -0,684503349475563    0,0766191184520721
13222,819    -0,930254813283682    0,0766191184520721
13223,831    -0,930254813283682    0,114684671163559
13224,842    -0,848337658680975    0,0766191184520721
13225,854    -0,848337658680975    0,0766191184520721
13226,865    -0,766420504078269    0,152750223875046
13227,876    -0,848337658680975    0,0766191184520721
13228,888    -0,766420504078269    0,0766191184520721
13229,899    -0,930254813283682    0
13230,91    -0,766420504078269    0,0380655489861965
13231,921    -1,01217196788639    0,114684671163559
13232,933    -0,848337658680975    0,152750223875046
13233,945    -0,930254813283682    0,0380655489861965
13234,956    -1,01217196788639    0,0766191184520721
13235,968    -0,848337658680975    0,152750223875046
13236,979    -1,01217196788639    0,152750223875046
13237,99    -0,684503349475563    0,114684671163559
13239,002    -0,930254813283682    0,114684671163559
13240,013    -0,930254813283682    0,114684671163559
13241,025    -0,848337658680975    0,0766191184520721
13242,037    -1,01217196788639    0,114684671163559
13243,047    -0,766420504078269    0,0766191184520721
13244,059    -1,01217196788639    0,114684671163559
13245,07    -0,766420504078269    0,114684671163559
13246,082    -0,930254813283682    0,0766191184520721
13247,094    -0,766420504078269    0
13248,104    -0,930254813283682    0,0380655489861965
13249,117    -0,848337658680975    0,114684671163559
13250,127    -0,766420504078269    0,0766191184520721
13251,138    -0,930254813283682    0,152750223875046
13252,149    -0,848337658680975    0,114684671163559
13253,162    -1,01217196788639    0,114684671163559
13254,172    -0,848337658680975    0,114684671163559
13255,184    -0,930254813283682    0,114684671163559
13256,195    -0,848337658680975    0,0766191184520721
13257,207    -0,848337658680975    0,114684671163559
13258,218    -0,930254813283682    0,114684671163559
13259,23    -0,930254813283682    0,114684671163559
13260,24    -0,848337658680975    0,0766191184520721
13261,252    -0,684503349475563    0,0766191184520721
13262,263    -0,930254813283682    0,114684671163559
13263,274    -0,848337658680975    0,0766191184520721
13264,285    -0,930254813283682    0,0380655489861965
13265,298    -0,930254813283682    0,114684671163559
13266,308    -1,01217196788639    0,0766191184520721
13267,32    -0,848337658680975    0,114684671163559
13268,331    -0,766420504078269    0,114684671163559
13269,343    -0,930254813283682    0,0766191184520721
13270,353    -0,848337658680975    0,0766191184520721
13271,364    -1,01217196788639    0,0766191184520721
13272,377    -0,766420504078269    0,0766191184520721
13273,387    -0,848337658680975    0,114684671163559
13274,399    -0,848337658680975    0,0766191184520721
13275,411    -0,684503349475563    0,114684671163559
13276,422    -1,01217196788639    0,114684671163559
13277,434    -0,766420504078269    0,0766191184520721
13278,445    -0,930254813283682    0,114684671163559
13279,456    -0,848337658680975    0,0766191184520721
13280,468    -0,930254813283682    0,114684671163559
13281,479    -0,848337658680975    0,114684671163559
13282,491    -0,930254813283682    0,114684671163559
13283,503    -0,766420504078269    0,114684671163559
13284,513    -0,930254813283682    0,0766191184520721
13285,526    -0,848337658680975    0,0766191184520721
13286,537    -0,848337658680975    0,0766191184520721
13287,548    -0,930254813283682    0,0380655489861965
13288,559    -0,684503349475563    0,0380655489861965
13289,569    -0,930254813283682    0,0766191184520721
13290,581    -0,766420504078269    0,0766191184520721
13291,593    -0,930254813283682    0,0766191184520721
13292,604    -0,848337658680975    0,0766191184520721
13293,615    -0,848337658680975    0,0766191184520721
13294,627    -0,930254813283682    0,0766191184520721
13295,639    -0,930254813283682    0,0766191184520721
13296,651    -0,848337658680975    0,114684671163559
13297,662    -0,848337658680975    0,114684671163559
13298,672    -0,848337658680975    0,0766191184520721
13299,685    -0,848337658680975    0,0766191184520721
13300,696    -1,01217196788639    0
13301,707    -0,848337658680975    0,0766191184520721
13302,718    -0,930254813283682    0,0766191184520721
13303,731    -0,766420504078269    0,0766191184520721
13304,741    -0,930254813283682    0,114684671163559
13305,754    -0,930254813283682    0,0766191184520721
13306,765    -0,684503349475563    0,0766191184520721
13307,775    -0,930254813283682    0,152750223875046
13308,787    -0,848337658680975    0,0766191184520721
13309,798    -0,930254813283682    0,0766191184520721
13310,809    -0,848337658680975    0,0766191184520721
13311,821    -0,930254813283682    0,0766191184520721
13312,833    -0,848337658680975    0,114684671163559
13313,844    -0,930254813283682    0,0766191184520721
13314,855    -0,848337658680975    0,0380655489861965
13315,866    -0,930254813283682    0,0380655489861965
13316,878    -0,766420504078269    0,0766191184520721
13317,889    -0,766420504078269    0,152750223875046
13318,9    -1,01217196788639    0,114684671163559
13319,912    -0,766420504078269    0,0766191184520721
13320,923    -0,930254813283682    0,0766191184520721
13321,934    -0,848337658680975    0,114684671163559
13322,946    -0,930254813283682    0,0766191184520721
13323,957    -0,848337658680975    0,114684671163559
13324,968    -0,930254813283682    0,0380655489861965
13325,979    -0,766420504078269    0,0766191184520721
13326,991    -0,930254813283682    0,0766191184520721
13328,002    -0,766420504078269    0,0766191184520721
13329,013    -0,930254813283682    0,114684671163559
13330,024    -0,930254813283682    0,0766191184520721
13331,036    -0,848337658680975    0,114684671163559
13332,047    -1,0951393051073    0,114684671163559
13333,058    -0,848337658680975    0,114684671163559
13334,07    -0,930254813283682    0,114684671163559
13335,081    -0,848337658680975    0,114684671163559
13336,093    -1,01217196788639    0,0766191184520721
13337,104    -0,848337658680975    0,114684671163559
13338,116    -0,930254813283682    0,114684671163559
13339,127    -0,684503349475563    0,0766191184520721
13340,139    -1,01217196788639    0,0380655489861965
13341,15    -0,930254813283682    0,114684671163559
13342,161    -0,602586194872856    0,0766191184520721
13343,173    -0,684503349475563    0,114684671163559
13344,184    -0,602586194872856    0,0766191184520721
13345,196    -0,930254813283682    0,0766191184520721
13346,207    -0,930254813283682    0,0766191184520721
13347,219    -1,01217196788639    0,114684671163559
13348,23    -0,766420504078269    0,0766191184520721
13349,241    -0,930254813283682    0,0766191184520721
13350,252    -0,848337658680975    0,0766191184520721
13351,263    -1,01217196788639    0,114684671163559
13352,275    -0,848337658680975    0,0766191184520721
13353,286    -1,01217196788639    0,0766191184520721
13354,298    -0,930254813283682    0,114684671163559
13355,309    -0,930254813283682    0,0766191184520721
13356,321    -0,684503349475563    0,0380655489861965
13357,332    -0,930254813283682    0,114684671163559
13358,344    -1,01217196788639    0,0766191184520721
13359,355    -0,848337658680975    0,114684671163559
13360,366    -0,930254813283682    0,0380655489861965
13361,378    -0,930254813283682    0,114684671163559
13362,389    -1,01217196788639    0,0766191184520721
13363,401    -0,930254813283682    0,0766191184520721
13364,412    -0,930254813283682    0,114684671163559
13365,424    -0,848337658680975    0,0766191184520721
13366,435    -0,930254813283682    0
13367,447    -0,848337658680975    0,0380655489861965
13368,457    -0,848337658680975    0,114684671163559
13369,468    -0,848337658680975    0,114684671163559
13370,48    -0,848337658680975    0,0766191184520721
13371,491    -0,684503349475563    0
13372,503    -0,930254813283682    0,0766191184520721
13373,514    -0,848337658680975    0,114684671163559
13374,526    -0,848337658680975    0,114684671163559
13375,537    -1,01217196788639    0,152750223875046
13376,548    -0,766420504078269    0,114684671163559
13377,56    -0,848337658680975    0,114684671163559
13378,571    -0,766420504078269    0,0766191184520721
13379,583    -0,930254813283682    0,0766191184520721
13380,593    -0,848337658680975    0,152750223875046
13381,605    -0,930254813283682    0,114684671163559
13382,616    -0,684503349475563    0,152750223875046
13383,628    -0,848337658680975    0,0766191184520721
13384,639    -0,766420504078269    0,152750223875046
13385,65    -1,01217196788639    0,0766191184520721
13386,662    -0,848337658680975    0,114684671163559
13387,673    -0,766420504078269    0,0766191184520721
13388,684    -1,01217196788639    0,114684671163559
13389,695    -0,684503349475563    0,0766191184520721
13390,707    -0,930254813283682    0,114684671163559
13391,718    -0,766420504078269    0,114684671163559
13392,731    -1,0951393051073    0,0766191184520721
13393,741    -0,766420504078269    0,0766191184520721
13394,753    -0,930254813283682    0,0766191184520721
13395,764    -0,848337658680975    0,0766191184520721
13396,775    -0,930254813283682    0,114684671163559
13397,788    -0,848337658680975    0,0766191184520721
13398,831    -0,848337658680975    0,0766191184520721
13399,811    -0,930254813283682    0,114684671163559
13400,822    -0,930254813283682    0,0766191184520721
