15001,603    -0,930254813283682    4,42292404174805
15001,827    -21,7708181589842    0,0766191184520721
15002,838    -3,88452340848744    0,0766191184520721
15003,849    -1,83344387914985    0,114684671163559
15004,86    -1,91536103375256    0,0766191184520721
15005,871    -1,91536103375256    0,0380655489861965
15006,883    -1,66855938732624    0,0380655489861965
15007,894    -1,25897361431271    0,0766191184520721
15008,905    -1,58664223272353    0
15009,917    -1,42280792351812    0,0380655489861965
15010,93    -1,17705645971    0,0380655489861965
15011,94    -1,25897361431271    0,0380655489861965
15012,953    -1,01217196788639    0,0766191184520721
15013,963    -1,34089076891541    0,114684671163559
15014,974    -1,01217196788639    0,114684671163559
15015,986    -1,0951393051073    0,0766191184520721
15016,997    -0,848337658680975    0,0380655489861965
15018,008    -1,0951393051073    0,114684671163559
15019,019    -0,930254813283682    0,0766191184520721
15020,03    -0,848337658680975    0,0766191184520721
15021,043    -1,0951393051073    0,114684671163559
15022,054    -0,930254813283682    0,114684671163559
15023,065    -0,848337658680975    0,0766191184520721
15024,077    -0,848337658680975    0,0766191184520721
15025,088    -0,930254813283682    0,0766191184520721
15026,1    -0,930254813283682    0,0766191184520721
15027,111    -0,930254813283682    0,0766191184520721
15028,123    -0,848337658680975    0,0766191184520721
15029,133    -0,930254813283682    0,0766191184520721
15030,146    -0,848337658680975    0,0766191184520721
15031,157    -0,930254813283682    0,0766191184520721
15032,17    -1,01217196788639    0,0766191184520721
15033,18    -0,930254813283682    0,114684671163559
15034,191    -0,930254813283682    0,0766191184520721
15035,205    -0,848337658680975    0,0766191184520721
15036,214    -0,848337658680975    0,0766191184520721
15037,226    -0,848337658680975    0,0766191184520721
15038,235    -0,930254813283682    0,0766191184520721
15039,247    -0,930254813283682    0,0766191184520721
15040,258    -0,848337658680975    0,0380655489861965
15041,27    -0,848337658680975    0,0380655489861965
15042,281    -0,930254813283682    0,0766191184520721
15043,293    -1,01217196788639    0
15044,304    -0,766420504078269    0,0766191184520721
15045,316    -0,848337658680975    0,0766191184520721
15046,327    -0,930254813283682    0
15047,338    -1,01217196788639    0,0766191184520721
15048,35    -0,848337658680975    0,0766191184520721
15049,361    -0,930254813283682    0
15050,373    -0,766420504078269    0,0380655489861965
15051,384    -0,766420504078269    0
15052,396    -0,930254813283682    0,0766191184520721
15053,407    -0,848337658680975    0,0380655489861965
15054,419    -0,930254813283682    0,0766191184520721
15055,43    -0,848337658680975    0,0766191184520721
15056,441    -0,848337658680975    0,0766191184520721
15057,452    -0,930254813283682    0,0766191184520721
15058,463    -1,01217196788639    0,0766191184520721
15059,475    -0,930254813283682    0,0380655489861965
15060,485    -0,848337658680975    0,0380655489861965
15061,497    -0,848337658680975    0,114684671163559
15062,511    -0,848337658680975    0,114684671163559
15063,519    -0,930254813283682    0,0766191184520721
15064,531    -0,848337658680975    0,0766191184520721
15065,542    -0,930254813283682    0,114684671163559
15066,554    -0,848337658680975    0,0380655489861965
15067,565    -0,930254813283682    0,114684671163559
15068,577    -0,930254813283682    0,0766191184520721
15069,588    -0,848337658680975    0,0380655489861965
15070,6    -0,848337658680975    0,0766191184520721
15071,611    -0,848337658680975    0,0766191184520721
15072,623    -0,930254813283682    0,0766191184520721
15073,634    -0,848337658680975    0,0380655489861965
15074,645    -1,01217196788639    0,0766191184520721
15075,657    -0,848337658680975    0,0766191184520721
15076,668    -1,01217196788639    0,0766191184520721
15077,679    -0,930254813283682    0,0766191184520721
15078,69    -0,766420504078269    0,114684671163559
15079,702    -0,848337658680975    0,0380655489861965
15080,713    -0,766420504078269    0,0766191184520721
15081,725    -1,01217196788639    0,0380655489861965
15082,736    -0,766420504078269    0,0766191184520721
15083,747    -1,01217196788639    0,0380655489861965
15084,759    -0,930254813283682    0,0766191184520721
15085,77    -0,848337658680975    0,0766191184520721
15086,782    -0,848337658680975    0,0766191184520721
15087,793    -0,930254813283682    0,114684671163559
15088,805    -1,01217196788639    0,0380655489861965
15089,816    -0,684503349475563    0,0766191184520721
15090,828    -1,0951393051073    0,0766191184520721
15091,839    -0,766420504078269    0
15092,85    -0,848337658680975    0,114684671163559
15093,862    -0,930254813283682    0,114684671163559
15094,873    -0,930254813283682    0,0766191184520721
15095,885    -0,848337658680975    0,114684671163559
15096,895    -1,01217196788639    0,0766191184520721
15097,906    -0,848337658680975    0,0766191184520721
15098,918    -0,848337658680975    0,152750223875046
15099,929    -0,930254813283682    0,114684671163559
15100,942    -0,848337658680975    0,0766191184520721
15101,953    -1,0951393051073    0,0380655489861965
15102,965    -0,848337658680975    0,0766191184520721
15103,976    -0,930254813283682    0,0766191184520721
15104,987    -0,766420504078269    0,114684671163559
15105,998    -1,01217196788639    0,0766191184520721
15107,011    -0,930254813283682    0,114684671163559
15108,021    -0,848337658680975    0,0766191184520721
15109,032    -0,848337658680975    0
15110,044    -1,01217196788639    0,114684671163559
15111,055    -1,0951393051073    0,0766191184520721
15112,068    -0,684503349475563    0,0766191184520721
15113,078    -0,930254813283682    0,0766191184520721
15114,09    -0,766420504078269    0,0766191184520721
15115,102    -1,01217196788639    0,0766191184520721
15116,112    -0,848337658680975    0,114684671163559
15117,123    -1,01217196788639    0,0766191184520721
15118,135    -0,848337658680975    0,0380655489861965
15119,147    -0,930254813283682    0
15120,156    -0,930254813283682    0,0766191184520721
15121,169    -0,848337658680975    0,0766191184520721
15122,18    -1,01217196788639    0,0380655489861965
15123,192    -0,848337658680975    0,0766191184520721
15124,203    -0,930254813283682    0,114684671163559
15125,213    -0,930254813283682    0,0766191184520721
15126,225    -0,930254813283682    0,114684671163559
15127,236    -0,766420504078269    0,0766191184520721
15128,249    -1,0951393051073    0,114684671163559
15129,259    -0,930254813283682    0,0766191184520721
15130,271    -1,01217196788639    0,114684671163559
15131,283    -1,01217196788639    0,0766191184520721
15132,294    -1,01217196788639    0,0380655489861965
15133,305    -0,930254813283682    0,0766191184520721
15134,318    -0,684503349475563    0,114684671163559
15135,329    -0,848337658680975    0,0766191184520721
15136,338    -0,684503349475563    0,0380655489861965
15137,35    -0,848337658680975    0,0380655489861965
15138,362    -0,766420504078269    0,114684671163559
15139,373    -0,848337658680975    0,114684671163559
15140,384    -0,848337658680975    0,0766191184520721
15141,397    -0,930254813283682    0,0766191184520721
15142,408    -1,01217196788639    0,0766191184520721
15143,418    -0,930254813283682    0,0766191184520721
15144,431    -0,930254813283682    0,114684671163559
15145,441    -0,930254813283682    0,0766191184520721
15146,453    -0,848337658680975    0,0766191184520721
15147,464    -0,684503349475563    0,114684671163559
15148,476    -0,930254813283682    0,0766191184520721
15149,488    -0,848337658680975    0,0766191184520721
15150,499    -0,930254813283682    0,0766191184520721
15151,51    -0,848337658680975    0,0766191184520721
15152,522    -0,848337658680975    0,0766191184520721
15153,533    -0,930254813283682    0,0766191184520721
15154,544    -0,930254813283682    0,0766191184520721
15155,555    -0,848337658680975    0,114684671163559
15156,567    -0,930254813283682    0,0766191184520721
15157,578    -1,01217196788639    0,114684671163559
15158,59    -0,766420504078269    0,0380655489861965
15159,602    -1,01217196788639    0,114684671163559
15160,613    -0,848337658680975    0,114684671163559
15161,624    -0,930254813283682    0,190815761685371
15162,635    -0,930254813283682    0,0766191184520721
15163,646    -1,01217196788639    0,114684671163559
15164,658    -0,848337658680975    0,0380655489861965
15165,67    -0,930254813283682    0,0766191184520721
15166,682    -0,848337658680975    0,114684671163559
15167,692    -0,930254813283682    0,0380655489861965
15168,705    -0,930254813283682    0,114684671163559
15169,716    -0,848337658680975    0,0766191184520721
15170,726    -1,01217196788639    0,114684671163559
15171,738    -0,766420504078269    0,0380655489861965
15172,749    -0,930254813283682    0,152750223875046
15173,761    -0,848337658680975    0,0766191184520721
15174,772    -0,930254813283682    0,0380655489861965
15175,784    -1,34089076891541    0,114684671163559
15176,795    -0,848337658680975    0,0766191184520721
15177,806    -0,930254813283682    0,0380655489861965
15178,818    -0,848337658680975    0,0766191184520721
15179,829    -1,0951393051073    0,0766191184520721
15180,84    -0,930254813283682    0,114684671163559
15181,851    -1,01217196788639    0,0766191184520721
15182,863    -0,930254813283682    0,0766191184520721
15183,874    -0,930254813283682    0,0766191184520721
15184,886    -0,930254813283682    0,0766191184520721
15185,896    -0,848337658680975    0,0766191184520721
15186,909    -1,0951393051073    0,0766191184520721
15187,919    -0,848337658680975    0,114684671163559
15188,931    -0,930254813283682    0,0766191184520721
15189,943    -0,848337658680975    0,0380655489861965
15190,954    -0,930254813283682    0,0380655489861965
15191,966    -0,930254813283682    0,0766191184520721
15192,977    -0,930254813283682    0,114684671163559
15193,988    -0,848337658680975    0,0766191184520721
15194,998    -0,438751914771274    0,0766191184520721
15196,009    -1,17705645971    0,0766191184520721
15197,021    -0,355784548446536    0,0766191184520721
15198,032    -0,438751914771274    0,114684671163559
15199,044    -0,766420504078269    0,0766191184520721
15200,055    -0,355784548446536    0
15201,067    -0,930254813283682    0,0766191184520721
15202,078    -0,684503349475563    0,0766191184520721
15203,09    -1,01217196788639    0,114684671163559
15204,101    -0,930254813283682    0,114684671163559
15205,112    -0,930254813283682    0,114684671163559
15206,124    -0,684503349475563    0,114684671163559
15207,135    -1,01217196788639    0,0380655489861965
15208,147    -0,684503349475563    0,0766191184520721
15209,158    -0,930254813283682    0,114684671163559
15210,17    -0,848337658680975    0,0380655489861965
15211,181    -0,930254813283682    0,114684671163559
15212,193    -0,930254813283682    0,114684671163559
15213,204    -0,848337658680975    0,0766191184520721
15214,214    -0,930254813283682    0,0380655489861965
15215,226    -0,930254813283682    0,0766191184520721
15216,237    -1,0951393051073    0,152750223875046
15217,249    -0,684503349475563    0,114684671163559
15218,26    -0,930254813283682    0,114684671163559
15219,272    -0,684503349475563    0,0766191184520721
15220,283    -1,01217196788639    0,114684671163559
15221,295    -0,930254813283682    0,0766191184520721
15222,306    -0,930254813283682    0,114684671163559
15223,317    -0,930254813283682    0,114684671163559
15224,329    -0,930254813283682    0,114684671163559
15225,34    -0,930254813283682    0,0766191184520721
15226,352    -1,0951393051073    0,114684671163559
15227,363    -0,848337658680975    0,114684671163559
15228,375    -0,848337658680975    0,0766191184520721
15229,386    -0,930254813283682    0,0766191184520721
15230,398    -0,684503349475563    0,152750223875046
15231,409    -0,930254813283682    0,114684671163559
15232,42    -0,684503349475563    0,114684671163559
15233,432    -1,01217196788639    0,114684671163559
15234,442    -0,848337658680975    0,114684671163559
15235,454    -0,930254813283682    0,114684671163559
15236,465    -0,930254813283682    0,114684671163559
15237,477    -0,930254813283682    0,0766191184520721
15238,488    -0,848337658680975    0,152750223875046
15239,5    -0,848337658680975    0,114684671163559
15240,51    -0,930254813283682    0,114684671163559
15241,521    -0,684503349475563    0,0766191184520721
15242,533    -1,0951393051073    0,114684671163559
15243,544    -0,848337658680975    0,114684671163559
15244,556    -1,01217196788639    0,0380655489861965
15245,567    -0,848337658680975    0,0380655489861965
15246,579    -0,848337658680975    0,0766191184520721
15247,59    -0,848337658680975    0,114684671163559
15248,601    -1,01217196788639    0,114684671163559
15249,613    -0,848337658680975    0,114684671163559
15250,624    -0,848337658680975    0,0766191184520721
15251,636    -0,930254813283682    0,0766191184520721
15252,647    -0,766420504078269    0,114684671163559
15253,658    -0,930254813283682    0,114684671163559
15254,669    -0,930254813283682    0,0766191184520721
15255,681    -0,930254813283682    0,0380655489861965
15256,693    -0,766420504078269    0,114684671163559
15257,703    -0,930254813283682    0,0766191184520721
15258,716    -0,848337658680975    0,114684671163559
15259,726    -0,848337658680975    0,114684671163559
15260,739    -1,01217196788639    0,114684671163559
15261,75    -1,01217196788639    0,0766191184520721
15262,761    -0,930254813283682    0,114684671163559
15263,772    -0,930254813283682    0,152750223875046
15264,784    -0,930254813283682    0,0766191184520721
15265,795    -0,684503349475563    0,0766191184520721
15266,807    -1,0951393051073    0,0766191184520721
15267,819    -0,848337658680975    0,0766191184520721
15268,829    -0,848337658680975    0,0766191184520721
15269,842    -0,766420504078269    0,0766191184520721
15270,853    -0,848337658680975    0,0766191184520721
15271,865    -0,848337658680975    0,0766191184520721
15272,875    -0,930254813283682    0,0766191184520721
15273,887    -1,0951393051073    0,0766191184520721
15274,898    -0,848337658680975    0,0380655489861965
15275,909    -0,930254813283682    0,0380655489861965
15276,921    -1,01217196788639    0,114684671163559
15277,931    -1,01217196788639    0,0766191184520721
15278,943    -0,766420504078269    0,0766191184520721
15279,955    -0,930254813283682    0,0766191184520721
15280,966    -0,848337658680975    0,0380655489861965
15281,978    -0,848337658680975    0,114684671163559
15282,989    -0,930254813283682    0,114684671163559
15284    -0,848337658680975    0,0380655489861965
15285,012    -0,930254813283682    0,0766191184520721
15286,023    -0,930254813283682    0,0380655489861965
15287,034    -0,930254813283682    0,114684671163559
15288,047    -0,930254813283682    0,190815761685371
15289,058    -0,930254813283682    0,0766191184520721
15290,069    -0,930254813283682    0,0380655489861965
15291,08    -0,930254813283682    0,0766191184520721
15292,092    -1,01217196788639    0,0766191184520721
15293,102    -0,930254813283682    0,0766191184520721
15294,113    -0,930254813283682    0,0766191184520721
15295,125    -0,848337658680975    0,0380655489861965
15296,137    -0,930254813283682    0,114684671163559
15297,148    -0,848337658680975    0,114684671163559
15298,159    -0,930254813283682    0,152750223875046
15299,171    -1,01217196788639    0,114684671163559
15300,181    -0,930254813283682    0,0380655489861965
