17101.96	-0.930254813283682	14.7172145843506
17102.448	-37.9347540438175	0.0766191184520721
17103.46	-10.9409503638744	0.0766191184520721
17104.472	-5.606884136796	0.114684671163559
17105.482	-3.96644044667482	0.0766191184520721
17106.494	-3.39197018183768	0.114684671163559
17107.506	-2.98133422620595	0.114684671163559
17108.516	-2.73558287881315	0.0766191184520721
17109.528	-2.57174856960773	0.114684671163559
17110.54	-2.40791426040232	0.0766191184520721
17111.552	-1.75152672454715	0.114684671163559
17112.562	-1.66855938732624	0.114684671163559
17113.574	-1.66855938732624	0.0766191184520721
17114.586	-1.66855938732624	0.0766191184520721
17115.598	-1.58664223272353	0.0766191184520721
17116.608	-2.07919534295797	0.0766191184520721
17117.62	-1.50472507812083	0.0766191184520721
17118.632	-1.99727830477059	0.0766191184520721
17119.642	-1.91536103375256	0.0766191184520721
17120.654	-1.99727830477059	0.0766191184520721
17121.664	-1.91536103375256	0.114684671163559
17122.676	-1.91536103375256	0.0380655489861965
17123.688	-1.91536103375256	0.0766191184520721
17124.7	-1.75152672454715	0.0380655489861965
17125.712	-1.66855938732624	0.114684671163559
17126.722	-1.83344387914985	0.114684671163559
17127.734	-1.66855938732624	0.0380655489861965
17128.744	-1.75152672454715	0.114684671163559
17129.756	-1.75152672454715	0.0766191184520721
17130.768	-1.66855938732624	0.0766191184520721
17131.78	-1.58664223272353	0.0766191184520721
17132.792	-1.17705645971	0.0766191184520721
17133.802	-1.58664223272353	0.0380655489861965
17134.814	-1.17705645971	0.0766191184520721
17135.824	-1.50472507812083	0.0766191184520721
17136.838	-1.25897361431271	0.0766191184520721
17137.848	-1.75152672454715	0.0766191184520721
17138.86	-1.17705645971	0.0380655489861965
17139.87	-1.58664223272353	0.0766191184520721
17140.882	-1.58664223272353	0.0766191184520721
17141.892	-1.34089076891541	0.0766191184520721
17142.904	-1.66855938732624	0.0766191184520721
17143.916	-1.0951393051073	0.114684671163559
17144.928	-1.34089076891541	0.114684671163559
17145.94	-1.0951393051073	0.0766191184520721
17146.95	-1.34089076891541	0.114684671163559
17147.962	-1.34089076891541	0.0766191184520721
17148.972	-1.25897361431271	0.114684671163559
17149.984	-1.58664223272353	0.0766191184520721
17150.996	-1.17705645971	0.0380655489861965
17152.008	-1.34089076891541	0.0380655489861965
17153.02	-1.42280792351812	0.0766191184520721
17154.03	-1.25897361431271	0.114684671163559
17155.042	-1.0951393051073	0.114684671163559
17156.052	-1.50472507812083	0.0766191184520721
17157.064	-1.34089076891541	0.114684671163559
17158.076	-1.25897361431271	0.114684671163559
17159.086	-1.17705645971	0.0380655489861965
17160.096	-1.17705645971	0.114684671163559
17161.108	-1.25897361431271	0.114684671163559
17162.12	-1.17705645971	0.0766191184520721
17163.132	-1.25897361431271	0.0766191184520721
17164.144	-1.0951393051073	0.114684671163559
17165.154	-1.34089076891541	0.114684671163559
17166.166	-1.0951393051073	0.0766191184520721
17167.176	-1.17705645971	0.0380655489861965
17168.188	-1.34089076891541	0.114684671163559
17169.2	-1.17705645971	0.0380655489861965
17170.21	-1.42280792351812	0.114684671163559
17171.222	-1.0951393051073	0.152750223875046
17172.234	-1.17705645971	0.0766191184520721
17173.246	-1.0951393051073	0.0766191184520721
17174.256	-1.17705645971	0.114684671163559
17175.268	-1.0951393051073	0.114684671163559
17176.28	-1.0951393051073	0.0766191184520721
17177.29	-1.17705645971	0.114684671163559
17178.302	-1.17705645971	0.114684671163559
17179.314	-1.0951393051073	0.114684671163559
17180.324	-1.0951393051073	0.114684671163559
17181.336	-1.17705645971	0.0766191184520721
17182.348	-1.01217196788639	0.0766191184520721
17183.36	-1.34089076891541	0.0766191184520721
17184.372	-1.01217196788639	0.0766191184520721
17185.382	-1.25897361431271	0.0766191184520721
17186.392	-0.930254813283682	0.0766191184520721
17187.404	-1.17705645971	0.0766191184520721
17188.416	-1.01217196788639	0.114684671163559
17189.428	-1.0951393051073	0.114684671163559
17190.438	-1.0951393051073	0.0766191184520721
17191.45	-0.930254813283682	0.0766191184520721
17192.462	-1.17705645971	0.0766191184520721
17193.474	-1.01217196788639	0.0766191184520721
17194.484	-1.0951393051073	0
17195.496	-1.0951393051073	0.114684671163559
17196.508	-1.0951393051073	0.0766191184520721
17197.518	-1.0951393051073	0.114684671163559
17198.53	-0.930254813283682	0.114684671163559
17199.542	-0.930254813283682	0.0766191184520721
17200.552	-0.930254813283682	0.0766191184520721
17201.564	-1.17705645971	0.0766191184520721
17202.576	-1.0951393051073	0.0766191184520721
17203.588	-1.0951393051073	0.0766191184520721
17204.598	-1.0951393051073	0.0380655489861965
17205.61	-1.17705645971	0.0766191184520721
17206.62	-1.01217196788639	0.114684671163559
17207.632	-0.930254813283682	0.0766191184520721
17208.644	-0.930254813283682	0.0380655489861965
17209.656	-0.930254813283682	0.0766191184520721
17210.666	-1.01217196788639	0.0380655489861965
17211.678	-1.01217196788639	0.114684671163559
17212.69	-1.17705645971	0.0766191184520721
17213.7	-0.930254813283682	0.0766191184520721
17214.712	-1.0951393051073	0.0766191184520721
17215.724	-1.0951393051073	0.0766191184520721
17216.736	-0.930254813283682	0.0380655489861965
17217.746	-0.930254813283682	0.0380655489861965
17218.758	-0.930254813283682	0.114684671163559
17219.768	-1.01217196788639	0.0766191184520721
17220.778	-1.01217196788639	0.114684671163559
17221.79	-0.930254813283682	0.0766191184520721
17222.802	-0.930254813283682	0.0380655489861965
17223.814	-1.25897361431271	0.0766191184520721
17224.824	-1.01217196788639	0.114684671163559
17225.836	-1.0951393051073	0.0766191184520721
17226.848	-0.930254813283682	0.0380655489861965
17227.86	-1.01217196788639	0.0766191184520721
17228.87	-0.930254813283682	0.0766191184520721
17229.882	-1.0951393051073	0.0380655489861965
17230.894	-0.848337658680975	0.0380655489861965
17231.904	-0.848337658680975	0.0380655489861965
17232.916	-1.01217196788639	0.0766191184520721
17233.928	-1.0951393051073	0
17234.94	-1.0951393051073	0.114684671163559
17235.95	-1.01217196788639	0.114684671163559
17236.962	-1.01217196788639	0.114684671163559
17237.972	-0.848337658680975	0.0766191184520721
17238.984	-0.930254813283682	0.0766191184520721
17239.996	-0.848337658680975	0.0766191184520721
17241.006	-0.930254813283682	0.0766191184520721
17242.018	-1.17705645971	0.0766191184520721
17243.03	-1.0951393051073	0.114684671163559
17244.042	-1.0951393051073	0.0766191184520721
17245.052	-0.930254813283682	0.0766191184520721
17246.064	-0.848337658680975	0.0766191184520721
17247.076	-1.0951393051073	0.0766191184520721
17248.086	-0.848337658680975	0.0766191184520721
17249.098	-1.17705645971	0
17250.11	-1.01217196788639	0.0380655489861965
17251.122	-1.17705645971	0.0766191184520721
17252.132	-0.930254813283682	0.0766191184520721
17253.144	-0.848337658680975	0.114684671163559
17254.156	-0.930254813283682	0.0766191184520721
17255.166	-0.930254813283682	0.0766191184520721
17256.178	-1.17705645971	0.0766191184520721
17257.188	-0.930254813283682	0.0766191184520721
17258.2	-1.0951393051073	0.0766191184520721
17259.212	-0.848337658680975	0.0766191184520721
17260.224	-1.0951393051073	0.0766191184520721
17261.234	-0.930254813283682	0.0766191184520721
17262.246	-0.930254813283682	0.0380655489861965
17263.258	-1.0951393051073	0.0766191184520721
17264.268	-0.930254813283682	0.0766191184520721
17265.28	-1.0951393051073	0.0380655489861965
17266.292	-0.848337658680975	0.0766191184520721
17267.304	-0.930254813283682	0.0766191184520721
17268.314	-0.930254813283682	0.0766191184520721
17269.326	-0.930254813283682	0.114684671163559
17270.338	-1.0951393051073	0.0380655489861965
17271.35	-0.930254813283682	0.0766191184520721
17272.36	-1.0951393051073	0.114684671163559
17273.372	-0.848337658680975	0.114684671163559
17274.384	-0.930254813283682	0.0766191184520721
17275.394	-0.930254813283682	0.114684671163559
17276.406	-0.848337658680975	0.0766191184520721
17277.416	-0.930254813283682	0.114684671163559
17278.428	-0.848337658680975	0.0380655489861965
17279.44	-0.930254813283682	0.114684671163559
17280.452	-1.01217196788639	0.114684671163559
17281.462	-0.930254813283682	0.0766191184520721
17282.472	-1.01217196788639	0
17283.484	-1.01217196788639	0
17284.496	-1.01217196788639	0.0766191184520721
17285.508	-0.930254813283682	0.0766191184520721
17286.518	-1.0951393051073	0.114684671163559
17287.53	-0.848337658680975	0.0766191184520721
17288.542	-0.930254813283682	0.114684671163559
17289.554	-0.848337658680975	0.0766191184520721
17290.564	-0.848337658680975	0.0766191184520721
17291.576	-1.01217196788639	0.114684671163559
17292.588	-0.930254813283682	0.114684671163559
17293.6	-0.930254813283682	0.0766191184520721
17294.612	-0.848337658680975	0.0766191184520721
17295.622	-1.01217196788639	0.114684671163559
17296.632	-0.930254813283682	0.0766191184520721
17297.644	-0.848337658680975	0.0766191184520721
17298.656	-1.01217196788639	0.0766191184520721
17299.668	-0.930254813283682	0.0766191184520721
17300.678	-0.930254813283682	0.114684671163559
17301.69	-1.0951393051073	0.0766191184520721
17302.702	-0.930254813283682	0.0766191184520721
17303.714	-1.0951393051073	0.114684671163559
17304.724	-0.848337658680975	0.0766191184520721
17305.736	-0.848337658680975	0.0766191184520721
17306.746	-0.848337658680975	0.0766191184520721
17307.758	-1.0951393051073	0.0766191184520721
17308.77	-1.01217196788639	0.0766191184520721
17309.782	-0.848337658680975	0.114684671163559
17310.792	-0.848337658680975	0
17311.804	-0.930254813283682	0.0766191184520721
17312.816	-1.01217196788639	0.0766191184520721
17313.826	-0.930254813283682	0.0766191184520721
17314.838	-0.930254813283682	0.0766191184520721
17315.85	-0.848337658680975	0.114684671163559
17316.86	-0.848337658680975	0.0380655489861965
17317.872	-0.930254813283682	0.114684671163559
17318.884	-0.930254813283682	0.0766191184520721
17319.896	-1.01217196788639	0.0766191184520721
17320.906	-1.01217196788639	0.0766191184520721
17321.918	-0.930254813283682	0.0766191184520721
17322.928	-0.930254813283682	0.0766191184520721
17323.94	-1.0951393051073	0
17324.952	-0.930254813283682	0.0766191184520721
17325.962	-0.930254813283682	0.0766191184520721
17326.974	-0.848337658680975	0.0766191184520721
17327.986	-0.848337658680975	0.0380655489861965
17328.998	-1.01217196788639	0.0380655489861965
17330.008	-0.930254813283682	0.0766191184520721
17331.02	-0.930254813283682	0.114684671163559
17332.032	-0.930254813283682	0.0380655489861965
17333.044	-0.848337658680975	0.0766191184520721
17334.054	-0.930254813283682	0.0766191184520721
17335.066	-0.848337658680975	0.0766191184520721
17336.078	-0.930254813283682	0.0380655489861965
17337.088	-0.766420504078269	0
17338.1	-0.848337658680975	0.0766191184520721
17339.112	-1.01217196788639	0.0766191184520721
17340.122	-0.930254813283682	0.0766191184520721
17341.134	-0.930254813283682	0
17342.144	-0.930254813283682	0.114684671163559
17343.156	-0.848337658680975	0.0766191184520721
17344.166	-0.930254813283682	0.0766191184520721
17345.178	-0.930254813283682	0.114684671163559
17346.19	-1.0951393051073	0.0380655489861965
17347.202	-1.0951393051073	0.0766191184520721
17348.212	-0.930254813283682	0.114684671163559
17349.224	-0.848337658680975	0.0766191184520721
17350.236	-1.01217196788639	0.114684671163559
17351.246	-0.930254813283682	0.0766191184520721
17352.258	-1.01217196788639	0.114684671163559
17353.27	-0.930254813283682	0
17354.282	-1.0951393051073	0.0766191184520721
17355.292	-0.848337658680975	0.114684671163559
17356.304	-0.848337658680975	0.0380655489861965
17357.316	-0.930254813283682	0.114684671163559
17358.328	-0.930254813283682	0.0766191184520721
17359.338	-0.930254813283682	0.114684671163559
17360.35	-0.930254813283682	0.114684671163559
17361.362	-0.930254813283682	0.0766191184520721
17362.372	-0.848337658680975	0.0766191184520721
17363.384	-0.848337658680975	0.0766191184520721
17364.394	-0.766420504078269	0.0766191184520721
17365.406	-0.848337658680975	0.0380655489861965
17366.418	-0.930254813283682	0.0766191184520721
17367.428	-0.848337658680975	0.0766191184520721
17368.442	-0.930254813283682	0.0766191184520721
17369.452	-0.848337658680975	0.114684671163559
17370.464	-0.930254813283682	0.0380655489861965
17371.474	-0.930254813283682	0.114684671163559
17372.486	-0.848337658680975	0.0766191184520721
17373.498	-0.848337658680975	0.0766191184520721
17374.508	-0.848337658680975	0.0766191184520721
17375.52	-0.848337658680975	0.114684671163559
17376.532	-0.930254813283682	0.0380655489861965
17377.542	-1.01217196788639	0.0766191184520721
17378.554	-0.848337658680975	0.114684671163559
17379.566	-0.848337658680975	0.0766191184520721
17380.576	-0.766420504078269	0.0766191184520721
17381.588	-0.930254813283682	0.114684671163559
17382.6	-1.0951393051073	0
17383.612	-0.930254813283682	0.114684671163559
17384.622	-0.930254813283682	0.114684671163559
17385.634	-0.930254813283682	0
17386.646	-1.01217196788639	0.0766191184520721
17387.656	-0.848337658680975	0.0766191184520721
17388.668	-0.930254813283682	0.114684671163559
17389.68	-1.01217196788639	0
17390.692	-0.848337658680975	0.0766191184520721
17391.702	-1.01217196788639	0.0766191184520721
17392.714	-0.930254813283682	0.0766191184520721
17393.726	-0.930254813283682	0.0380655489861965
17394.736	-0.848337658680975	0.0380655489861965
17395.748	-0.930254813283682	0.0766191184520721
17396.758	-0.848337658680975	0.0766191184520721
17397.77	-0.930254813283682	0.114684671163559
17398.782	-0.930254813283682	0.0766191184520721
17399.794	-0.930254813283682	0.190815761685371
17400.804	-1.0951393051073	0.114684671163559
17401.816	-0.930254813283682	0.0766191184520721
17402.826	-0.848337658680975	0.0766191184520721
17403.838	-0.930254813283682	0.0766191184520721
17404.85	-0.848337658680975	0.0766191184520721
