19200.5	-0.848337658680975	114.151260375977
19201.174	-204.57524061203	0.0766191184520721
19202.184	-55.3284958004951	0.152750223875046
19203.196	-28.5804439336061	0.0766191184520721
19204.206	-20.2122908085585	0.0766191184520721
19205.218	-16.1920506507158	0.114684671163559
19206.23	-13.9760859310627	0.0766191184520721
19207.242	-12.3356422409415	0.152750223875046
19208.254	-11.1867021769285	0.152750223875046
19209.264	-10.2845635265112	0.0766191184520721
19210.276	-9.46329161524773	0.0766191184520721
19211.286	-8.97178798913956	0.0766191184520721
19212.298	-8.47923569381237	0.0380655489861965
19213.31	-7.98668246716261	0
19214.322	-7.6590133830905	0.0766191184520721
19215.332	-7.24837742745876	0.114684671163559
19216.344	-6.91965874284506	0.0380655489861965
19217.356	-6.75582466647029	0.114684671163559
19218.366	-6.5100728534162	0.0380655489861965
19219.378	-6.34623877704144	0.0766191184520721
19220.39	-6.26327143982053	0.0766191184520721
19221.402	-5.85368555039167	0.0766191184520721
19222.412	-6.01752009242773	0.0766191184520721
19223.424	-5.52496686577797	0.114684671163559
19224.436	-5.606884136796	0.0766191184520721
19225.446	-5.44304959475994	0.0766191184520721
19226.458	-5.27921551838517	0.0380655489861965
19227.468	-5.19729824736714	0.0380655489861965
19228.482	-4.95049636811018	0.0766191184520721
19229.492	-4.95049636811018	0.0380655489861965
19230.504	-4.78666229173541	0.0766191184520721
19231.516	-4.78666229173541	0.0766191184520721
19232.526	-4.70474502071738	0.0766191184520721
19233.538	-4.70474502071738	0.0766191184520721
19234.55	-4.62282774969935	0.114684671163559
19235.56	-4.54091094434261	0.0380655489861965
19236.572	-4.29410906508565	0.114684671163559
19237.584	-4.29410906508565	0.0766191184520721
19238.594	-4.29410906508565	0.114684671163559
19239.606	-4.29410906508565	0.0766191184520721
19240.616	-4.29410906508565	0.0766191184520721
19241.628	-4.29410906508565	0.152750223875046
19242.64	-4.04835771769285	0.0766191184520721
19243.65	-4.29410906508565	0.0766191184520721
19244.662	-4.13027498871088	0.0766191184520721
19245.674	-4.13027498871088	0.114684671163559
19246.686	-3.96644044667482	0.0766191184520721
19247.698	-4.13027498871088	0.114684671163559
19248.708	-3.96644044667482	0.0766191184520721
19249.72	-4.04835771769285	0.114684671163559
19250.732	-4.04835771769285	0.114684671163559
19251.742	-3.96644044667482	0.0766191184520721
19252.754	-3.80260613746941	0.0380655489861965
19253.766	-3.80260613746941	0.114684671163559
19254.776	-3.80260613746941	0.114684671163559
19255.788	-3.80260613746941	0.0766191184520721
19256.798	-3.80260613746941	0.114684671163559
19257.812	-3.72068909928203	0.0766191184520721
19258.822	-3.72068909928203	0.0766191184520721
19259.834	-3.80260613746941	0.0766191184520721
19260.844	-3.63772176206112	0.0766191184520721
19261.856	-3.63772176206112	0.0766191184520721
19262.866	-3.63772176206112	0.114684671163559
19263.878	-3.63772176206112	0.0766191184520721
19264.89	-3.63772176206112	0.152750223875046
19265.9	-3.39197018183768	0.0766191184520721
19266.914	-3.80260613746941	0.114684671163559
19267.924	-3.63772176206112	0.114684671163559
19268.936	-3.63772176206112	0.114684671163559
19269.948	-3.63772176206112	0.114684671163559
19270.958	-3.31005314365029	0.0380655489861965
19271.97	-3.31005314365029	0.0766191184520721
19272.98	-3.55580449104309	0.0766191184520721
19273.992	-3.55580449104309	0.0766191184520721
19275.004	-3.39197018183768	0.0766191184520721
19276.014	-3.39197018183768	0.0766191184520721
19277.026	-3.63772176206112	0
19278.036	-3.55580449104309	0.0766191184520721
19279.048	-3.63772176206112	0.0766191184520721
19280.06	-3.39197018183768	0.114684671163559
19281.072	-2.98133422620595	0.0380655489861965
19282.082	-2.73558287881315	0.0380655489861965
19283.094	-3.39197018183768	0.0766191184520721
19284.106	-3.31005314365029	0.0380655489861965
19285.118	-3.31005314365029	0.0766191184520721
19286.128	-3.31005314365029	0.0766191184520721
19287.14	-3.22813587263227	0.152750223875046
19288.152	-3.22813587263227	0.0766191184520721
19289.162	-3.14621883444488	0.0380655489861965
19290.174	-3.22813587263227	0.0380655489861965
19291.186	-3.31005314365029	0.0380655489861965
19292.198	-3.31005314365029	0.0766191184520721
19293.208	-3.14621883444488	0.0766191184520721
19294.22	-3.22813587263227	0.0766191184520721
19295.23	-3.22813587263227	0.0380655489861965
19296.242	-3.31005314365029	0.0766191184520721
19297.254	-3.22813587263227	0.0766191184520721
19298.264	-3.31005314365029	0
19299.276	-3.31005314365029	0.114684671163559
19300.288	-3.22813587263227	0.0380655489861965
19301.3	-3.14621883444488	0.0766191184520721
19302.31	-3.14621883444488	0
19303.322	-2.98133422620595	0.0766191184520721
19304.334	-2.98133422620595	0
19305.344	-3.14621883444488	0.0766191184520721
19306.356	-3.22813587263227	0.0766191184520721
19307.368	-3.14621883444488	0.0766191184520721
19308.38	-3.14621883444488	0.0380655489861965
19309.39	-3.06430156342685	0.0766191184520721
19310.402	-3.14621883444488	0.0766191184520721
19311.414	-3.06430156342685	0.0766191184520721
19312.424	-3.14621883444488	0.114684671163559
19313.436	-3.14621883444488	0.114684671163559
19314.448	-3.14621883444488	0.114684671163559
19315.458	-3.14621883444488	0.0766191184520721
19316.47	-3.14621883444488	0.0380655489861965
19317.482	-3.06430156342685	0.0766191184520721
19318.492	-3.14621883444488	0.0766191184520721
19319.504	-3.14621883444488	0.0380655489861965
19320.514	-3.14621883444488	0.114684671163559
19321.526	-3.06430156342685	0
19322.538	-3.06430156342685	0.0766191184520721
19323.548	-2.98133422620595	0.0380655489861965
19324.56	-2.98133422620595	0.0766191184520721
19325.572	-3.14621883444488	0.0766191184520721
19326.584	-3.06430156342685	0.0380655489861965
19327.594	-3.14621883444488	0.0766191184520721
19328.606	-3.14621883444488	0.0766191184520721
19329.618	-3.14621883444488	0.114684671163559
19330.628	-2.98133422620595	0.0766191184520721
19331.64	-2.98133422620595	0.0380655489861965
19332.652	-2.98133422620595	0.0766191184520721
19333.664	-2.98133422620595	0.0380655489861965
19334.674	-2.89941718801856	0
19335.686	-2.81749991700053	0.0766191184520721
19336.698	-2.98133422620595	0.114684671163559
19337.708	-2.98133422620595	0.0766191184520721
19338.72	-3.14621883444488	0.0766191184520721
19339.73	-2.98133422620595	0.0766191184520721
19340.742	-3.14621883444488	0.0380655489861965
19341.754	-2.98133422620595	0.0766191184520721
19342.766	-3.06430156342685	0.0766191184520721
19343.778	-2.89941718801856	0
19344.788	-2.98133422620595	0
19345.8	-3.14621883444488	0.0766191184520721
19346.81	-2.98133422620595	0.114684671163559
19347.824	-3.06430156342685	0.114684671163559
19348.834	-2.81749991700053	0.0766191184520721
19349.846	-2.98133422620595	0.0766191184520721
19350.858	-2.89941718801856	0.114684671163559
19351.868	-3.14621883444488	0.114684671163559
19352.88	-2.98133422620595	0.114684671163559
19353.892	-2.98133422620595	0.114684671163559
19354.902	-3.06430156342685	0.152750223875046
19355.914	-2.98133422620595	0.114684671163559
19356.924	-2.98133422620595	0.0766191184520721
19357.936	-2.81749991700053	0.114684671163559
19358.948	-3.06430156342685	0.114684671163559
19359.96	-2.98133422620595	0.0766191184520721
19360.97	-2.98133422620595	0
19361.982	-2.89941718801856	0.0766191184520721
19362.994	-2.98133422620595	0.0766191184520721
19364.004	-2.98133422620595	0.0766191184520721
19365.016	-2.89941718801856	0.0766191184520721
19366.028	-3.06430156342685	0.0766191184520721
19367.04	-2.98133422620595	0.114684671163559
19368.05	-3.06430156342685	0.0766191184520721
19369.062	-2.98133422620595	0.0766191184520721
19370.074	-3.06430156342685	0.0766191184520721
19371.084	-2.89941718801856	0.0766191184520721
19372.098	-2.98133422620595	0.0766191184520721
19373.108	-2.98133422620595	0.0766191184520721
19374.118	-3.06430156342685	0.114684671163559
19375.13	-2.98133422620595	0.0766191184520721
19376.14	-2.89941718801856	0.0766191184520721
19377.154	-2.98133422620595	0.0766191184520721
19378.164	-2.98133422620595	0.152750223875046
19379.176	-3.06430156342685	0.0766191184520721
19380.186	-2.98133422620595	0.114684671163559
19381.198	-2.98133422620595	0.114684671163559
19382.21	-2.98133422620595	0.114684671163559
19383.22	-2.89941718801856	0.0766191184520721
19384.232	-2.98133422620595	0.0766191184520721
19385.242	-3.06430156342685	0.0766191184520721
19386.254	-2.98133422620595	0.114684671163559
19387.266	-2.98133422620595	0.0766191184520721
19388.278	-3.06430156342685	0.0766191184520721
19389.29	-3.14621883444488	0
19390.3	-2.98133422620595	0.0766191184520721
19391.312	-2.98133422620595	0
19392.322	-3.06430156342685	0.0766191184520721
19393.334	-2.98133422620595	0.0380655489861965
19394.344	-2.98133422620595	0.0766191184520721
19395.358	-2.98133422620595	0.152750223875046
19396.368	-2.89941718801856	0.0766191184520721
19397.38	-2.89941718801856	0.0766191184520721
19398.392	-2.98133422620595	0.0380655489861965
19399.402	-2.98133422620595	0.0766191184520721
19400.414	-2.89941718801856	0.152750223875046
19401.424	-3.06430156342685	0.114684671163559
19402.438	-3.06430156342685	0.0766191184520721
19403.448	-2.98133422620595	0.0766191184520721
19404.46	-2.98133422620595	0.152750223875046
19405.47	-2.89941718801856	0.0766191184520721
19406.482	-2.98133422620595	0.0766191184520721
19407.494	-2.98133422620595	0.0766191184520721
19408.504	-2.98133422620595	0.0380655489861965
19409.516	-2.98133422620595	0.0766191184520721
19410.528	-2.89941718801856	0.0766191184520721
19411.54	-2.98133422620595	0.0766191184520721
19412.552	-3.06430156342685	0.0766191184520721
19413.562	-2.89941718801856	0.114684671163559
19414.574	-3.06430156342685	0.0766191184520721
19415.586	-2.98133422620595	0.114684671163559
19416.596	-3.06430156342685	0.152750223875046
19417.608	-2.98133422620595	0.0766191184520721
19418.618	-2.98133422620595	0.0766191184520721
19419.63	-3.06430156342685	0.0766191184520721
19420.64	-2.98133422620595	0
19421.652	-2.89941718801856	0.0766191184520721
19422.664	-2.89941718801856	0.0380655489861965
19423.676	-3.06430156342685	0.114684671163559
19424.688	-2.98133422620595	0.114684671163559
19425.7	-2.98133422620595	0.0766191184520721
19426.71	-3.06430156342685	0.0380655489861965
19427.722	-2.98133422620595	0.0766191184520721
19428.732	-2.89941718801856	0.0766191184520721
19429.744	-2.89941718801856	0.114684671163559
19430.756	-2.98133422620595	0.0766191184520721
19431.768	-2.89941718801856	0.114684671163559
19432.778	-3.06430156342685	0.0380655489861965
19433.788	-2.98133422620595	0.0766191184520721
19434.8	-3.06430156342685	0.190815761685371
19435.812	-2.89941718801856	0.114684671163559
19436.824	-2.98133422620595	0.0766191184520721
19437.834	-2.89941718801856	0.114684671163559
19438.846	-2.89941718801856	0.0766191184520721
19439.858	-2.89941718801856	0.0766191184520721
19440.868	-2.89941718801856	0.0766191184520721
19441.88	-3.06430156342685	0.0380655489861965
19442.89	-2.98133422620595	0.114684671163559
19443.902	-2.98133422620595	0.114684671163559
19444.914	-3.06430156342685	0.0766191184520721
19445.926	-2.98133422620595	0.0766191184520721
19446.936	-3.06430156342685	0.0380655489861965
19447.948	-2.89941718801856	0.0766191184520721
19448.96	-3.06430156342685	0.0766191184520721
19449.97	-2.81749991700053	0
19450.982	-3.06430156342685	0.114684671163559
19451.994	-2.89941718801856	0.0766191184520721
19453.004	-2.98133422620595	0
19454.016	-2.98133422620595	0.0380655489861965
19455.028	-2.98133422620595	0.0766191184520721
19456.038	-2.98133422620595	0.0766191184520721
19457.05	-2.89941718801856	0.0380655489861965
19458.062	-2.98133422620595	0.0766191184520721
19459.072	-2.89941718801856	0
19460.084	-3.14621883444488	0.114684671163559
19461.096	-2.89941718801856	0.0766191184520721
19462.108	-2.89941718801856	0.0380655489861965
19463.118	-2.98133422620595	0.0766191184520721
19464.13	-2.89941718801856	0.0380655489861965
19465.142	-3.06430156342685	0
19466.154	-2.89941718801856	0.0380655489861965
19467.164	-2.98133422620595	0.114684671163559
19468.176	-2.89941718801856	0.0766191184520721
19469.188	-2.98133422620595	0.114684671163559
19470.198	-2.98133422620595	0.114684671163559
19471.21	-2.89941718801856	0.0766191184520721
19472.22	-2.89941718801856	0.114684671163559
19473.232	-2.98133422620595	0.114684671163559
19474.244	-2.98133422620595	0.0766191184520721
19475.256	-2.98133422620595	0.0766191184520721
19476.266	-2.98133422620595	0.0766191184520721
19477.278	-2.98133422620595	0.114684671163559
19478.29	-2.89941718801856	0.0380655489861965
19479.3	-3.14621883444488	0.0766191184520721
19480.312	-2.73558287881315	0.0766191184520721
19481.324	-3.06430156342685	0.0766191184520721
19482.336	-2.81749991700053	0.0380655489861965
19483.346	-3.14621883444488	0.0380655489861965
19484.358	-2.98133422620595	0.114684671163559
19485.37	-2.89941718801856	0
19486.38	-2.98133422620595	0.0766191184520721
19487.392	-2.89941718801856	0.0766191184520721
19488.404	-2.89941718801856	0.0766191184520721
19489.416	-2.89941718801856	0.0766191184520721
19490.428	-3.06430156342685	0.152750223875046
19491.438	-2.89941718801856	0.0766191184520721
19492.448	-2.89941718801856	0.0766191184520721
19493.46	-2.98133422620595	0.0380655489861965
19494.472	-2.98133422620595	0.0766191184520721
19495.482	-2.98133422620595	0.0766191184520721
19496.496	-2.81749991700053	0.0766191184520721
19497.506	-2.98133422620595	0.0766191184520721
19498.518	-2.98133422620595	0.0766191184520721
19499.53	-2.89941718801856	0.0766191184520721
19500.54	-2.98133422620595	0.0766191184520721
