2406.699	-0.766420504078269	38.851261138916
2407.088	-123.265117406845	0.114684671163559
2408.099	-29.6474676579237	0.0766191184520721
2409.111	-15.617580153048	0.0766191184520721
2410.123	-10.5303144082427	0.114684671163559
2411.134	-7.90476519614458	0.114684671163559
2412.146	-6.1813541688025	0.114684671163559
2413.158	-5.19729824736714	0.0766191184520721
2414.168	-4.45899367332458	0.114684671163559
2415.18	-3.96644044667482	0.0766191184520721
2416.192	-3.55580449104309	0.114684671163559
2417.202	-3.22813587263227	0.114684671163559
2418.214	-2.73558287881315	0.0380655489861965
2419.226	-2.65366560779512	0.0766191184520721
2420.238	-2.65366560779512	0.0380655489861965
2421.248	-1.99727830477059	0.0766191184520721
2422.261	-2.07919534295797	0
2423.272	-1.75152672454715	0.0766191184520721
2424.283	-1.83344387914985	0.0766191184520721
2425.294	-1.99727830477059	0.0766191184520721
2426.305	-1.58664223272353	0.0380655489861965
2427.316	-1.66855938732624	0.0766191184520721
2428.327	-1.91536103375256	0.114684671163559
2429.339	-1.0951393051073	0.0380655489861965
2430.351	-1.99727830477059	0.0380655489861965
2431.363	-1.99727830477059	0.0766191184520721
2432.374	-1.99727830477059	0.0380655489861965
2433.385	-1.83344387914985	0
2434.396	-1.99727830477059	0.0766191184520721
2435.408	-1.83344387914985	0.0766191184520721
2436.42	-1.99727830477059	0.0766191184520721
2437.43	-1.83344387914985	0.0766191184520721
2438.443	-1.91536103375256	0.0766191184520721
2439.454	-1.75152672454715	0.0766191184520721
2440.466	-1.75152672454715	0.0766191184520721
2441.477	-1.58664223272353	0.0380655489861965
2442.488	-1.83344387914985	0.0766191184520721
2443.499	-1.58664223272353	0.0766191184520721
2444.51	-1.83344387914985	0.0766191184520721
2445.521	-1.83344387914985	0.0766191184520721
2446.532	-1.34089076891541	0.0766191184520721
2447.545	-1.83344387914985	0.0766191184520721
2448.555	-1.50472507812083	0.0380655489861965
2449.568	-1.75152672454715	0.0766191184520721
2450.579	-1.50472507812083	0.0380655489861965
2451.589	-1.75152672454715	0.114684671163559
2452.601	-1.50472507812083	0.0766191184520721
2453.613	-1.66855938732624	0.114684671163559
2454.624	-1.83344387914985	0.0766191184520721
2455.635	-1.0951393051073	0.0766191184520721
2456.648	-1.50472507812083	0.0766191184520721
2457.659	-1.34089076891541	0.0380655489861965
2458.67	-1.58664223272353	0.114684671163559
2459.682	-1.34089076891541	0.0766191184520721
2460.691	-1.50472507812083	0
2461.703	-1.25897361431271	0.0766191184520721
2462.714	-1.50472507812083	0.0766191184520721
2463.726	-1.50472507812083	0.0766191184520721
2464.736	-1.0951393051073	0.0380655489861965
2465.748	-1.42280792351812	0.0380655489861965
2466.759	-1.34089076891541	0.114684671163559
2467.771	-1.42280792351812	0.114684671163559
2468.782	-1.50472507812083	0.0766191184520721
2469.793	-1.42280792351812	0.0766191184520721
2470.805	-1.0951393051073	0.0380655489861965
2471.816	-1.42280792351812	0.0766191184520721
2472.828	-1.75152672454715	0.190815761685371
2473.839	-1.0951393051073	0
2474.851	-1.42280792351812	0
2475.862	-1.17705645971	0.114684671163559
2476.874	-1.34089076891541	0.0766191184520721
2477.885	-1.17705645971	0.0766191184520721
2478.896	-1.0951393051073	0.0380655489861965
2479.908	-1.0951393051073	0.0380655489861965
2480.919	-1.25897361431271	0.0766191184520721
2481.931	-1.75152672454715	0.0766191184520721
2482.942	-1.0951393051073	0.0766191184520721
2483.954	-1.34089076891541	0.0766191184520721
2484.964	-1.34089076891541	0.0380655489861965
2485.976	-1.17705645971	0.0380655489861965
2486.987	-1.17705645971	0.0380655489861965
2487.998	-1.0951393051073	0.114684671163559
2489.01	-1.01217196788639	0.114684671163559
2490.021	-1.17705645971	0.0766191184520721
2491.033	-1.50472507812083	0.0766191184520721
2492.044	-1.0951393051073	0.0766191184520721
2493.056	-1.25897361431271	0.0766191184520721
2494.067	-1.25897361431271	0.0766191184520721
2495.078	-1.50472507812083	0.0380655489861965
2496.09	-1.0951393051073	0.114684671163559
2497.101	-1.17705645971	0.114684671163559
2498.113	-1.34089076891541	0
2499.124	-1.0951393051073	0.0766191184520721
2500.136	-1.25897361431271	0.0766191184520721
2501.147	-1.01217196788639	0.0380655489861965
2502.159	-1.17705645971	0.0766191184520721
2503.17	-1.0951393051073	0.114684671163559
2504.18	-1.17705645971	0.0766191184520721
2505.192	-1.01217196788639	0.0380655489861965
2506.203	-1.0951393051073	0.114684671163559
2507.215	-1.17705645971	0.114684671163559
2508.226	-1.01217196788639	0.114684671163559
2509.238	-1.25897361431271	0.0766191184520721
2510.249	-0.930254813283682	0.0766191184520721
2511.261	-1.17705645971	0.0766191184520721
2512.272	-1.01217196788639	0.114684671163559
2513.283	-1.17705645971	0.0380655489861965
2514.295	-1.01217196788639	0.0766191184520721
2515.306	-0.930254813283682	0.0766191184520721
2516.318	-1.34089076891541	0.0766191184520721
2517.329	-0.848337658680975	0.0766191184520721
2518.341	-1.0951393051073	0.0766191184520721
2519.352	-0.930254813283682	0.0766191184520721
2520.363	-1.17705645971	0.114684671163559
2521.374	-1.17705645971	0.0766191184520721
2522.385	-1.17705645971	0.0766191184520721
2523.397	-1.0951393051073	0.114684671163559
2524.407	-1.0951393051073	0.0380655489861965
2525.419	-1.25897361431271	0.0766191184520721
2526.431	-0.930254813283682	0.114684671163559
2527.443	-1.34089076891541	0.0766191184520721
2528.454	-1.0951393051073	0.0766191184520721
2529.466	-1.0951393051073	0.0766191184520721
2530.477	-0.930254813283682	0.0766191184520721
2531.488	-1.17705645971	0.0766191184520721
2532.499	-0.930254813283682	0.0766191184520721
2533.511	-1.0951393051073	0.114684671163559
2534.523	-1.34089076891541	0.114684671163559
2535.533	-1.17705645971	0.114684671163559
2536.546	-1.25897361431271	0.0766191184520721
2537.557	-1.01217196788639	0.114684671163559
2538.568	-1.17705645971	0.0380655489861965
2539.58	-1.0951393051073	0.0766191184520721
2540.59	-1.0951393051073	0.0766191184520721
2541.603	-1.34089076891541	0.0380655489861965
2542.613	-0.930254813283682	0.114684671163559
2543.625	-1.25897361431271	0.0766191184520721
2544.636	-1.0951393051073	0.114684671163559
2545.647	-0.930254813283682	0.0766191184520721
2546.658	-1.0951393051073	0.0766191184520721
2547.669	-1.0951393051073	0.0766191184520721
2548.681	-0.930254813283682	0.0380655489861965
2549.693	-1.0951393051073	0.114684671163559
2550.704	-1.25897361431271	0.0766191184520721
2551.716	-1.01217196788639	0.0766191184520721
2552.728	-1.25897361431271	0.0766191184520721
2553.739	-1.0951393051073	0.114684671163559
2554.751	-1.01217196788639	0.114684671163559
2555.761	-0.930254813283682	0.0766191184520721
2556.772	-1.25897361431271	0.0766191184520721
2557.785	-1.25897361431271	0.0766191184520721
2558.796	-0.930254813283682	0.0766191184520721
2559.807	-1.34089076891541	0.114684671163559
2560.819	-1.01217196788639	0.0766191184520721
2561.831	-1.17705645971	0.0766191184520721
2562.84	-1.01217196788639	0.0766191184520721
2563.852	-1.17705645971	0.0766191184520721
2564.863	-0.930254813283682	0.0766191184520721
2565.874	-1.0951393051073	0.114684671163559
2566.886	-1.17705645971	0.0766191184520721
2567.897	-1.01217196788639	0.152750223875046
2568.91	-1.17705645971	0.114684671163559
2569.92	-1.01217196788639	0.114684671163559
2570.932	-1.0951393051073	0.114684671163559
2571.944	-1.0951393051073	0.0766191184520721
2572.956	-0.930254813283682	0.0380655489861965
2573.966	-1.0951393051073	0.114684671163559
2574.978	-1.0951393051073	0.114684671163559
2575.99	-1.42280792351812	0.114684671163559
2577	-1.0951393051073	0.0766191184520721
2578.012	-1.0951393051073	0.0766191184520721
2579.024	-0.930254813283682	0.0766191184520721
2580.035	-1.0951393051073	0.0766191184520721
2581.045	-1.0951393051073	0
2582.057	-1.0951393051073	0.114684671163559
2583.067	-1.34089076891541	0.114684671163559
2584.078	-1.0951393051073	0.0766191184520721
2585.09	-1.34089076891541	0.0766191184520721
2586.101	-0.930254813283682	0.0766191184520721
2587.113	-1.0951393051073	0.0766191184520721
2588.124	-0.930254813283682	0.0380655489861965
2589.137	-1.17705645971	0.0766191184520721
2590.147	-1.01217196788639	0.0766191184520721
2591.158	-1.0951393051073	0.0766191184520721
2592.171	-1.17705645971	0.0766191184520721
2593.181	-1.01217196788639	0.114684671163559
2594.193	-1.0951393051073	0.0766191184520721
2595.204	-1.01217196788639	0.114684671163559
2596.217	-1.17705645971	0.0766191184520721
2597.227	-1.0951393051073	0.114684671163559
2598.239	-0.848337658680975	0.114684671163559
2599.25	-1.17705645971	0.0766191184520721
2600.261	-0.930254813283682	0.0380655489861965
2601.273	-1.0951393051073	0.0766191184520721
2602.284	-1.01217196788639	0.190815761685371
2603.296	-1.17705645971	0
2604.306	-1.0951393051073	0.114684671163559
2605.318	-1.17705645971	0.114684671163559
2606.33	-0.930254813283682	0.114684671163559
2607.341	-1.0951393051073	0.152750223875046
2608.352	-1.17705645971	0.114684671163559
2609.363	-1.01217196788639	0.114684671163559
2610.376	-1.0951393051073	0.0766191184520721
2611.386	-1.01217196788639	0.0766191184520721
2612.399	-1.17705645971	0.0766191184520721
2613.41	-0.930254813283682	0.0766191184520721
2614.421	-0.930254813283682	0.0766191184520721
2615.433	-1.0951393051073	0.0766191184520721
2616.445	-1.17705645971	0.114684671163559
2617.455	-1.25897361431271	0.114684671163559
2618.467	-1.01217196788639	0.0766191184520721
2619.478	-0.930254813283682	0.0766191184520721
2620.489	-1.01217196788639	0.0766191184520721
2621.501	-1.0951393051073	0.152750223875046
2622.511	-1.01217196788639	0.152750223875046
2623.523	-1.0951393051073	0.0380655489861965
2624.534	-1.25897361431271	0
2625.546	-1.0951393051073	0.0380655489861965
2626.557	-1.17705645971	0.0766191184520721
2627.568	-1.01217196788639	0.0766191184520721
2628.58	-1.01217196788639	0.0380655489861965
2629.591	-1.01217196788639	0.114684671163559
2630.603	-0.930254813283682	0.114684671163559
2631.614	-0.930254813283682	0.0766191184520721
2632.626	-1.01217196788639	0.0766191184520721
2633.637	-1.17705645971	0.0766191184520721
2634.649	-0.930254813283682	0.0766191184520721
2635.66	-1.17705645971	0.0766191184520721
2636.671	-0.930254813283682	0.114684671163559
2637.683	-0.848337658680975	0.0766191184520721
2638.694	-1.01217196788639	0.114684671163559
2639.706	-1.0951393051073	0.0766191184520721
2640.716	-1.25897361431271	0.0766191184520721
2641.727	-1.01217196788639	0.152750223875046
2642.738	-1.0951393051073	0.114684671163559
2643.749	-0.848337658680975	0.0766191184520721
2644.761	-1.17705645971	0.114684671163559
2645.772	-0.930254813283682	0.190815761685371
2646.784	-1.01217196788639	0.152750223875046
2647.795	-1.17705645971	0.0766191184520721
2648.807	-0.930254813283682	0.0766191184520721
2649.818	-0.848337658680975	0.114684671163559
2650.83	-0.930254813283682	0.114684671163559
2651.841	-0.930254813283682	0.114684671163559
2652.852	-0.848337658680975	0.0380655489861965
2653.864	-0.848337658680975	0.0766191184520721
2654.875	-1.0951393051073	0.114684671163559
2655.887	-0.930254813283682	0.0766191184520721
2656.898	-1.17705645971	0.0766191184520721
2657.91	-0.930254813283682	0.114684671163559
2658.921	-1.01217196788639	0.0380655489861965
2659.933	-0.848337658680975	0.114684671163559
2660.943	-0.930254813283682	0.0766191184520721
2661.954	-1.17705645971	0.0766191184520721
2662.966	-1.0951393051073	0.152750223875046
2663.977	-0.930254813283682	0.114684671163559
2664.989	-0.930254813283682	0.0766191184520721
2666	-1.17705645971	0.0380655489861965
2667.012	-0.848337658680975	0.0766191184520721
2668.023	-1.01217196788639	0.0766191184520721
2669.035	-1.17705645971	0.0766191184520721
2670.046	-0.930254813283682	0.0380655489861965
2671.057	-0.930254813283682	0.0766191184520721
2672.069	-0.930254813283682	0.114684671163559
2673.08	-1.0951393051073	0.0766191184520721
2674.092	-0.930254813283682	0.0766191184520721
2675.103	-0.930254813283682	0.0766191184520721
2676.115	-1.0951393051073	0.114684671163559
2677.126	-1.01217196788639	0.114684671163559
2678.138	-0.766420504078269	0.114684671163559
2679.149	-0.930254813283682	0.114684671163559
2680.16	-1.01217196788639	0.152750223875046
2681.171	-0.930254813283682	0.114684671163559
2682.183	-1.01217196788639	0.0766191184520721
2683.195	-1.17705645971	0.114684671163559
2684.205	-0.930254813283682	0.0766191184520721
2685.218	-0.930254813283682	0.0766191184520721
2686.228	-0.848337658680975	0.0766191184520721
2687.241	-1.0951393051073	0.114684671163559
2688.252	-0.848337658680975	0.114684671163559
2689.263	-0.848337658680975	0.152750223875046
2690.274	-1.17705645971	0.0766191184520721
2691.285	-1.0951393051073	0.114684671163559
2692.298	-1.01217196788639	0.0766191184520721
2693.309	-0.930254813283682	0.114684671163559
2694.32	-0.930254813283682	0.114684671163559
2695.332	-1.0951393051073	0.114684671163559
2696.342	-1.0951393051073	0.114684671163559
2697.355	-1.0951393051073	0.114684671163559
2698.365	-1.0951393051073	0.114684671163559
2699.377	-0.930254813283682	0.0766191184520721
2700.387	-1.0951393051073	0.114684671163559
