300.759	-0.848337658680975	107.059844970703
301.407	-164.288803935051	0.114684671163559
302.418	-53.0316643416882	0.114684671163559
303.43	-33.2581214606762	0.190815761685371
304.44	-24.3144501000643	0.0766191184520721
305.452	-18.4888802468777	0.0766191184520721
306.463	-14.6324736997485	0.0766191184520721
307.474	-11.9250062853098	0.152750223875046
308.486	-10.2845635265112	0.114684671163559
309.497	-8.72498657554388	0.114684671163559
310.509	-7.41221196949482	0.114684671163559
311.52	-6.83774147182703	0.114684671163559
312.532	-6.26327143982053	0.152750223875046
313.543	-5.606884136796	0.190815761685371
314.555	-5.27921551838517	0.114684671163559
315.566	-4.95049636811018	0.152750223875046
316.577	-4.54091094434261	0.0766191184520721
317.589	-4.45899367332458	0.0766191184520721
318.6	-4.21219179406762	0.0766191184520721
319.612	-4.13027498871088	0.190815761685371
320.623	-3.96644044667482	0.0766191184520721
321.635	-3.88452340848744	0.114684671163559
322.646	-3.63772176206112	0.152750223875046
323.658	-3.55580449104309	0.114684671163559
324.668	-3.55580449104309	0.0766191184520721
325.679	-3.47388745285571	0.0766191184520721
326.691	-3.31005314365029	0.114684671163559
327.702	-3.47388745285571	0.152750223875046
328.714	-3.06430156342685	0.0766191184520721
329.725	-3.31005314365029	0.114684671163559
330.737	-3.06430156342685	0.0766191184520721
331.748	-3.31005314365029	0.152750223875046
332.76	-2.98133422620595	0.114684671163559
333.771	-2.89941718801856	0.0766191184520721
334.782	-3.14621883444488	0.152750223875046
335.794	-2.98133422620595	0.114684671163559
336.805	-2.98133422620595	0.114684671163559
337.817	-2.98133422620595	0.114684671163559
338.828	-2.89941718801856	0.0766191184520721
339.84	-2.65366560779512	0.152750223875046
340.851	-2.65366560779512	0.0766191184520721
341.863	-2.89941718801856	0.114684671163559
342.874	-2.57174856960773	0.0766191184520721
343.884	-2.73558287881315	0.0766191184520721
344.896	-2.65366560779512	0.114684671163559
345.907	-2.65366560779512	0.0380655489861965
346.919	-2.40791426040232	0.152750223875046
347.931	-2.65366560779512	0.152750223875046
348.942	-2.32494692318141	0.114684671163559
349.954	-2.24302965216339	0.114684671163559
350.965	-2.73558287881315	0.114684671163559
351.976	-2.32494692318141	0.152750223875046
352.988	-2.57174856960773	0.190815761685371
354	-2.07919534295797	0.114684671163559
355.01	-2.24302965216339	0.114684671163559
356.022	-1.83344387914985	0.190815761685371
357.033	-1.99727830477059	0.0766191184520721
358.046	-2.32494692318141	0.114684671163559
359.057	-1.99727830477059	0.190815761685371
360.067	-2.48983129858971	0.190815761685371
361.078	-1.91536103375256	0.0766191184520721
362.09	-1.83344387914985	0.114684671163559
363.1	-1.99727830477059	0.190815761685371
364.111	-2.24302965216339	0.152750223875046
365.124	-2.07919534295797	0.152750223875046
366.135	-1.91536103375256	0.190815761685371
367.147	-2.07919534295797	0.0766191184520721
368.158	-2.65366560779512	0.190815761685371
369.169	-1.91536103375256	0.114684671163559
370.18	-1.91536103375256	0.190815761685371
371.191	-1.91536103375256	0.190815761685371
372.203	-1.58664223272353	0.190815761685371
373.215	-2.40791426040232	0.0766191184520721
374.227	-1.83344387914985	0.152750223875046
375.237	-2.57174856960773	0.114684671163559
376.25	-1.99727830477059	0.152750223875046
377.261	-2.161112613976	0.114684671163559
378.272	-1.91536103375256	0.152750223875046
379.283	-1.75152672454715	0.0766191184520721
380.294	-1.66855938732624	0.0766191184520721
381.307	-1.75152672454715	0.152750223875046
382.318	-2.32494692318141	0.190815761685371
383.329	-1.66855938732624	0.114684671163559
384.34	-2.24302965216339	0.190815761685371
385.352	-1.75152672454715	0.114684671163559
386.362	-2.73558287881315	0.152750223875046
387.373	-1.66855938732624	0.114684671163559
388.386	-2.24302965216339	0.0766191184520721
389.397	-1.99727830477059	0.0380655489861965
390.409	-1.75152672454715	0.114684671163559
391.42	-2.161112613976	0.190815761685371
392.432	-1.50472507812083	0.152750223875046
393.442	-1.0951393051073	0.190815761685371
394.455	-1.50472507812083	0.228881314396858
395.466	-1.91536103375256	0.0766191184520721
396.476	-2.40791426040232	0.152750223875046
397.489	-1.99727830477059	0.114684671163559
398.5	-1.99727830477059	0.114684671163559
399.512	-1.58664223272353	0.114684671163559
400.523	-1.0951393051073	0.152750223875046
401.535	-1.66855938732624	0.114684671163559
402.545	-2.07919534295797	0.114684671163559
403.556	-1.58664223272353	0.152750223875046
404.567	-2.07919534295797	0.114684671163559
405.579	-1.91536103375256	0.152750223875046
406.59	-1.58664223272353	0.114684671163559
407.601	-2.161112613976	0.0766191184520721
408.614	-2.24302965216339	0.0766191184520721
409.624	-1.99727830477059	0.0766191184520721
410.637	-1.50472507812083	0.114684671163559
411.648	-2.07919534295797	0.0766191184520721
412.66	-1.99727830477059	0.0766191184520721
413.67	-1.75152672454715	0.152750223875046
414.682	-1.83344387914985	0.152750223875046
415.694	-1.50472507812083	0.0766191184520721
416.704	-1.99727830477059	0.0766191184520721
417.716	-1.50472507812083	0.114684671163559
418.728	-2.07919534295797	0.0766191184520721
419.739	-1.83344387914985	0.114684671163559
420.749	-0.930254813283682	0.114684671163559
421.761	-1.83344387914985	0.114684671163559
422.771	-1.58664223272353	0.0766191184520721
423.782	-1.99727830477059	0.190815761685371
424.794	-1.83344387914985	0.114684671163559
425.806	-1.99727830477059	0.114684671163559
426.817	-1.34089076891541	0.114684671163559
427.829	-2.07919534295797	0.114684671163559
428.841	-1.83344387914985	0.114684671163559
429.852	-1.75152672454715	0.114684671163559
430.864	-2.07919534295797	0.114684671163559
431.875	-1.99727830477059	0.190815761685371
432.886	-1.99727830477059	0.0766191184520721
433.897	-1.75152672454715	0.152750223875046
434.908	-2.07919534295797	0.152750223875046
435.921	-1.83344387914985	0.152750223875046
436.931	-1.91536103375256	0.114684671163559
437.943	-1.75152672454715	0.190815761685371
438.955	-1.91536103375256	0.0766191184520721
439.966	-1.91536103375256	0.114684671163559
440.977	-1.75152672454715	0.152750223875046
441.987	-1.99727830477059	0.114684671163559
442.999	-1.0951393051073	0.190815761685371
444.01	-1.0951393051073	0.0766191184520721
445.022	-1.83344387914985	0.190815761685371
446.033	-1.99727830477059	0.0766191184520721
447.045	-1.91536103375256	0.0766191184520721
448.056	-1.34089076891541	0.0766191184520721
449.068	-1.99727830477059	0.0766191184520721
450.079	-1.50472507812083	0.0766191184520721
451.09	-1.99727830477059	0.114684671163559
452.102	-1.91536103375256	0.114684671163559
453.113	-1.91536103375256	0.114684671163559
454.125	-1.91536103375256	0.152750223875046
455.136	-1.83344387914985	0.190815761685371
456.148	-1.99727830477059	0.114684671163559
457.159	-1.83344387914985	0.152750223875046
458.171	-1.99727830477059	0.190815761685371
459.182	-1.34089076891541	0.0766191184520721
460.193	-1.99727830477059	0.0766191184520721
461.205	-1.75152672454715	0.0380655489861965
462.215	-1.83344387914985	0.152750223875046
463.227	-1.75152672454715	0.0380655489861965
464.238	-1.83344387914985	0.0766191184520721
465.25	-1.91536103375256	0.114684671163559
466.261	-1.66855938732624	0.190815761685371
467.273	-1.42280792351812	0.190815761685371
468.284	-1.75152672454715	0.190815761685371
469.295	-1.91536103375256	0.190815761685371
470.307	-1.91536103375256	0.152750223875046
471.318	-2.161112613976	0.190815761685371
472.33	-1.99727830477059	0.152750223875046
473.341	-1.66855938732624	0.190815761685371
474.353	-1.91536103375256	0.114684671163559
475.364	-1.99727830477059	0.152750223875046
476.375	-1.83344387914985	0.152750223875046
477.387	-1.83344387914985	0.152750223875046
478.398	-1.83344387914985	0.190815761685371
479.41	-1.34089076891541	0.0766191184520721
480.42	-1.83344387914985	0.0766191184520721
481.431	-1.99727830477059	0.152750223875046
482.442	-1.17705645971	0.114684671163559
483.454	-1.34089076891541	0.152750223875046
484.465	-1.83344387914985	0.114684671163559
485.476	-1.83344387914985	0.0766191184520721
486.488	-1.91536103375256	0.114684671163559
487.499	-1.91536103375256	0.0766191184520721
488.511	-1.83344387914985	0.114684671163559
489.522	-1.91536103375256	0.0766191184520721
490.534	-1.0951393051073	0.152750223875046
491.545	-1.50472507812083	0.190815761685371
492.557	-1.99727830477059	0.114684671163559
493.568	-1.83344387914985	0.152750223875046
494.579	-1.83344387914985	0.114684671163559
495.591	-1.91536103375256	0.0766191184520721
496.602	-1.83344387914985	0.114684671163559
497.614	-1.75152672454715	0.152750223875046
498.625	-1.66855938732624	0.0766191184520721
499.637	-1.0951393051073	0.114684671163559
500.647	-1.75152672454715	0.190815761685371
501.659	-1.66855938732624	0.0766191184520721
502.67	-1.42280792351812	0.0766191184520721
503.682	-1.83344387914985	0.0766191184520721
504.694	-1.34089076891541	0.114684671163559
505.705	-1.83344387914985	0.114684671163559
506.717	-1.75152672454715	0.0380655489861965
507.728	-1.83344387914985	0.152750223875046
508.74	-1.75152672454715	0.114684671163559
509.751	-1.99727830477059	0.152750223875046
510.763	-1.83344387914985	0.152750223875046
511.774	-1.91536103375256	0.114684671163559
512.785	-1.50472507812083	0.0766191184520721
513.797	-2.161112613976	0.114684671163559
514.808	-1.83344387914985	0.114684671163559
515.819	-1.17705645971	0.114684671163559
516.83	-1.34089076891541	0.0766191184520721
517.842	-1.66855938732624	0.114684671163559
518.853	-1.58664223272353	0.114684671163559
519.866	-1.66855938732624	0.114684671163559
520.876	-1.50472507812083	0.190815761685371
521.886	-1.75152672454715	0.114684671163559
522.899	-1.75152672454715	0.114684671163559
523.91	-1.83344387914985	0.152750223875046
524.922	-1.75152672454715	0.0766191184520721
525.932	-1.75152672454715	0.114684671163559
526.945	-1.50472507812083	0.0766191184520721
527.956	-1.83344387914985	0.114684671163559
528.968	-1.91536103375256	0.152750223875046
529.978	-1.50472507812083	0.152750223875046
530.99	-1.0951393051073	0
532.002	-1.75152672454715	0.0766191184520721
533.013	-1.25897361431271	-0.0380655489861965
534.024	-1.50472507812083	0.114684671163559
535.036	-1.66855938732624	0.114684671163559
536.047	-1.83344387914985	0.190815761685371
537.059	-1.58664223272353	0.114684671163559
538.071	-1.75152672454715	0.0766191184520721
539.081	-1.75152672454715	0.0766191184520721
540.09	-1.58664223272353	0.190815761685371
541.102	-1.75152672454715	0.190815761685371
542.114	-1.50472507812083	0.152750223875046
543.126	-1.75152672454715	0.152750223875046
544.137	-1.0951393051073	0.114684671163559
545.149	-1.83344387914985	0.228881314396858
546.159	-1.83344387914985	0.228881314396858
547.172	-1.50472507812083	0.114684671163559
548.183	-1.34089076891541	0.114684671163559
549.193	-1.83344387914985	0.114684671163559
550.205	-1.83344387914985	0.152750223875046
551.217	-1.66855938732624	0.114684671163559
552.228	-1.42280792351812	0.0766191184520721
553.24	-1.99727830477059	0.266946852207184
554.251	-1.75152672454715	0.114684671163559
555.263	-1.66855938732624	0.114684671163559
556.274	-1.66855938732624	0
557.285	-1.34089076891541	0.190815761685371
558.297	-1.25897361431271	0.114684671163559
559.308	-1.99727830477059	0.0766191184520721
560.318	-1.0951393051073	0.114684671163559
561.331	-1.25897361431271	0.114684671163559
562.342	-1.17705645971	-0.0380655489861965
563.354	-1.75152672454715	0.0766191184520721
564.365	-1.58664223272353	0.114684671163559
565.377	-1.75152672454715	0.152750223875046
566.387	-1.99727830477059	0.114684671163559
567.398	-1.83344387914985	0.190815761685371
568.411	-1.42280792351812	0.114684671163559
569.421	-1.83344387914985	0.114684671163559
570.434	-1.34089076891541	0.0766191184520721
571.445	-1.66855938732624	0.152750223875046
572.457	-1.75152672454715	0.114684671163559
573.468	-1.0951393051073	0.190815761685371
574.48	-1.75152672454715	0.190815761685371
575.49	-1.75152672454715	0.114684671163559
576.501	-1.50472507812083	0.114684671163559
577.514	-1.83344387914985	0.0766191184520721
578.524	-1.66855938732624	0.190815761685371
579.535	-1.58664223272353	0.114684671163559
580.547	-1.34089076891541	0.114684671163559
581.558	-1.50472507812083	0.114684671163559
582.57	-1.0951393051073	0.114684671163559
583.581	-1.58664223272353	0.190815761685371
584.592	-1.34089076891541	0.114684671163559
585.604	-1.83344387914985	0.152750223875046
586.615	-1.0951393051073	0.190815761685371
587.627	-1.50472507812083	0.0766191184520721
588.638	-1.17705645971	0.114684671163559
589.649	-1.50472507812083	0.152750223875046
590.662	-1.17705645971	0.152750223875046
591.673	-1.66855938732624	0.114684671163559
592.684	-1.83344387914985	0.114684671163559
593.695	-1.0951393051073	0.0766191184520721
594.706	-1.58664223272353	0.114684671163559
595.718	-1.34089076891541	0.114684671163559
596.729	-1.34089076891541	0
597.741	-1.75152672454715	0.0380655489861965
598.752	-1.58664223272353	0.0766191184520721
599.763	-1.58664223272353	0.0766191184520721
600.773	-1.83344387914985	0.0766191184520721
