4500.921	-0.848337658680975	42.5875396728516
4501.643	-71.2456256151199	0.0766191184520721
4502.655	-24.5602019131184	0.0766191184520721
4503.666	-14.6324736997485	0.114684671163559
4504.678	-10.5303144082427	0.0766191184520721
4505.689	-8.39731842279434	0.0766191184520721
4506.701	-7.08454335108399	0.114684671163559
4507.711	-4.04835771769285	0.0766191184520721
4508.722	-5.36113232374191	0.0766191184520721
4509.734	-4.70474502071738	0.152750223875046
4510.745	-4.37707640230656	0.0766191184520721
4511.757	-4.13027498871088	0.0380655489861965
4512.768	-3.80260613746941	0.114684671163559
4513.78	-3.55580449104309	0.0766191184520721
4514.791	-3.31005314365029	0.0766191184520721
4515.803	-2.89941718801856	0.0766191184520721
4516.814	-3.06430156342685	0.0766191184520721
4517.825	-2.57174856960773	0.114684671163559
4518.837	-2.24302965216339	0.114684671163559
4519.848	-2.98133422620595	0.114684671163559
4520.86	-1.42280792351812	0.114684671163559
4521.871	-1.91536103375256	0.114684671163559
4522.883	-2.07919534295797	0.0766191184520721
4523.894	-1.83344387914985	0
4524.906	-1.75152672454715	0.0766191184520721
4525.917	-1.75152672454715	0.152750223875046
4526.927	-1.58664223272353	0.0766191184520721
4527.939	-1.99727830477059	0.0766191184520721
4528.95	-1.58664223272353	0.114684671163559
4529.962	-1.83344387914985	0.0766191184520721
4530.973	-1.25897361431271	0.114684671163559
4531.985	-1.34089076891541	0.114684671163559
4532.996	-1.99727830477059	0.114684671163559
4534.008	-1.83344387914985	0.0766191184520721
4535.019	-2.07919534295797	0.114684671163559
4536.03	-1.83344387914985	0.0766191184520721
4537.042	-2.07919534295797	0.114684671163559
4538.053	-1.91536103375256	0.114684671163559
4539.065	-1.75152672454715	0
4540.076	-1.99727830477059	0.0380655489861965
4541.088	-1.75152672454715	0.0766191184520721
4542.099	-1.75152672454715	0.114684671163559
4543.11	-1.83344387914985	0.0766191184520721
4544.122	-1.91536103375256	0.0766191184520721
4545.133	-1.50472507812083	0.114684671163559
4546.145	-1.83344387914985	0.114684671163559
4547.155	-1.50472507812083	0.114684671163559
4548.167	-0.52066904027015	0.0766191184520721
4549.178	-1.75152672454715	0.114684671163559
4550.19	-1.50472507812083	0.0766191184520721
4551.202	-1.42280792351812	0.0766191184520721
4552.213	-1.50472507812083	0.0766191184520721
4553.224	-0.602586194872856	0
4554.236	-2.07919534295797	0.114684671163559
4555.247	-1.75152672454715	0.0766191184520721
4556.258	-1.50472507812083	0.0766191184520721
4557.27	-1.50472507812083	0.0766191184520721
4558.281	-1.75152672454715	0.114684671163559
4559.294	-1.66855938732624	0.114684671163559
4560.304	-1.91536103375256	0.0766191184520721
4561.315	-0.191950239241123	0.0380655489861965
4562.326	-0.602586194872856	0.114684671163559
4563.337	-1.01217196788639	0.0766191184520721
4564.349	-1.66855938732624	0.0766191184520721
4565.36	-1.34089076891541	0.0766191184520721
4566.371	-1.34089076891541	0.0766191184520721
4567.383	-1.34089076891541	0.0766191184520721
4568.395	-1.50472507812083	0.0766191184520721
4569.406	-1.34089076891541	0.0380655489861965
4570.416	-1.42280792351812	0.114684671163559
4571.428	-1.58664223272353	0.0380655489861965
4572.44	-1.0951393051073	0.0380655489861965
4573.451	-1.50472507812083	0.0766191184520721
4574.463	-1.0951393051073	0.0766191184520721
4575.475	-1.0951393051073	0.0766191184520721
4576.485	-1.25897361431271	0.0766191184520721
4577.497	-1.34089076891541	0.0766191184520721
4578.508	-1.25897361431271	0.0766191184520721
4579.519	-1.17705645971	0.0766191184520721
4580.532	-1.25897361431271	0.0766191184520721
4581.543	-1.17705645971	0.0766191184520721
4582.555	-1.34089076891541	0.0766191184520721
4583.565	-1.0951393051073	0.0766191184520721
4584.578	-1.17705645971	0.0766191184520721
4585.588	-0.930254813283682	0.0380655489861965
4586.599	-1.17705645971	0.0766191184520721
4587.61	-1.17705645971	0.0380655489861965
4588.622	-1.0951393051073	0
4589.633	-1.34089076891541	0.190815761685371
4590.644	-1.25897361431271	0.0766191184520721
4591.657	-1.25897361431271	0.114684671163559
4592.667	-1.17705645971	0.0766191184520721
4593.679	-1.17705645971	0.0766191184520721
4594.691	-1.17705645971	0.114684671163559
4595.702	-1.0951393051073	0.0766191184520721
4596.713	-1.01217196788639	0.0766191184520721
4597.724	-1.17705645971	0.0766191184520721
4598.736	-1.17705645971	0.0766191184520721
4599.747	-1.0951393051073	0.0766191184520721
4600.76	-1.17705645971	0.0766191184520721
4601.77	-0.930254813283682	0.114684671163559
4602.783	-1.01217196788639	0.114684671163559
4603.794	-1.34089076891541	0.114684671163559
4604.804	-0.930254813283682	0.0766191184520721
4605.815	-1.0951393051073	0.0766191184520721
4606.827	-1.0951393051073	0.114684671163559
4607.839	-1.0951393051073	0.0766191184520721
4608.849	-1.0951393051073	0.114684671163559
4610.342	-1.0951393051073	0.114684671163559
4610.893	-1.17705645971	0.114684671163559
4611.883	-1.0951393051073	0.0766191184520721
4612.895	-1.34089076891541	0.114684671163559
4613.906	-1.17705645971	0.0766191184520721
4614.918	-1.17705645971	0.0766191184520721
4615.929	-1.17705645971	0.0380655489861965
4616.941	-1.0951393051073	0.0766191184520721
4617.953	-1.34089076891541	0.114684671163559
4618.965	-0.930254813283682	0.114684671163559
4619.975	-1.17705645971	0.0766191184520721
4620.986	-1.25897361431271	0.0766191184520721
4621.997	-1.17705645971	0.0766191184520721
4623.008	-1.0951393051073	0.0766191184520721
4624.02	-1.0951393051073	0.0766191184520721
4625.03	-1.0951393051073	0.0380655489861965
4626.043	-0.930254813283682	0.0380655489861965
4627.054	-1.01217196788639	0.0380655489861965
4628.066	-0.930254813283682	0.0766191184520721
4629.077	-1.0951393051073	0.0766191184520721
4630.087	-1.17705645971	0.0766191184520721
4631.099	-0.930254813283682	0.114684671163559
4632.11	-1.0951393051073	0.0766191184520721
4633.123	-0.930254813283682	0.0766191184520721
4634.133	-1.0951393051073	0.0766191184520721
4635.145	-1.0951393051073	0.0766191184520721
4636.157	-1.0951393051073	0.114684671163559
4637.168	-0.930254813283682	0.0766191184520721
4638.179	-1.0951393051073	0.0766191184520721
4639.19	-1.34089076891541	0.0380655489861965
4640.202	-0.930254813283682	0.0766191184520721
4641.213	-1.0951393051073	0.114684671163559
4642.225	-1.0951393051073	0.0766191184520721
4643.236	-1.0951393051073	0.0766191184520721
4644.248	-0.930254813283682	0.0766191184520721
4645.258	-1.01217196788639	0.114684671163559
4646.27	-1.25897361431271	0.0766191184520721
4647.281	-0.930254813283682	0.0766191184520721
4648.292	-0.930254813283682	0.0766191184520721
4649.304	-0.930254813283682	0.0766191184520721
4650.315	-1.17705645971	0.114684671163559
4651.327	-1.01217196788639	0.0380655489861965
4652.338	-1.01217196788639	0.114684671163559
4653.35	-1.0951393051073	0.0380655489861965
4654.361	-1.0951393051073	0.114684671163559
4655.373	-1.17705645971	0.0766191184520721
4656.384	-0.848337658680975	0.0766191184520721
4657.395	-0.930254813283682	0.114684671163559
4658.407	-0.930254813283682	0.114684671163559
4659.418	-0.930254813283682	0.0766191184520721
4660.43	-0.848337658680975	0.0380655489861965
4661.441	-1.01217196788639	0.0766191184520721
4662.453	-1.17705645971	0.0766191184520721
4663.464	-0.930254813283682	0.114684671163559
4664.504	-1.0951393051073	0.0766191184520721
4665.502	-0.930254813283682	0.114684671163559
4666.514	-0.930254813283682	0.0766191184520721
4667.525	-1.17705645971	0.0380655489861965
4668.536	-1.0951393051073	0.0766191184520721
4669.549	-1.17705645971	0.0380655489861965
4670.559	-1.0951393051073	0.114684671163559
4671.571	-0.930254813283682	0.0766191184520721
4672.583	-1.0951393051073	0.0766191184520721
4673.594	-1.0951393051073	0.0766191184520721
4674.606	-1.25897361431271	0.0766191184520721
4675.616	-1.01217196788639	0.0766191184520721
4676.628	-1.25897361431271	0.114684671163559
4677.638	-1.01217196788639	0.0766191184520721
4678.65	-0.930254813283682	0.0380655489861965
4679.661	-1.01217196788639	0.114684671163559
4680.673	-0.930254813283682	0.152750223875046
4681.683	-0.930254813283682	0.0766191184520721
4682.694	-1.0951393051073	0.0766191184520721
4683.706	-1.0951393051073	0.0766191184520721
4684.717	-1.0951393051073	0.0766191184520721
4685.73	-1.01217196788639	0.0380655489861965
4686.741	-0.930254813283682	0.0766191184520721
4687.753	-0.930254813283682	0.0766191184520721
4688.763	-0.930254813283682	0.114684671163559
4689.775	-0.930254813283682	0.0766191184520721
4690.787	-0.848337658680975	0.0380655489861965
4691.797	-1.01217196788639	0.0766191184520721
4692.81	-1.17705645971	0.0380655489861965
4693.821	-0.930254813283682	0
4694.833	-1.01217196788639	0.0766191184520721
4695.842	-1.01217196788639	0.114684671163559
4696.854	-1.0951393051073	0.0766191184520721
4697.865	-1.01217196788639	0.0766191184520721
4698.878	-0.848337658680975	0.114684671163559
4699.889	-0.930254813283682	0.114684671163559
4700.9	-1.01217196788639	0.0766191184520721
4701.911	-0.848337658680975	0.114684671163559
4702.922	-0.930254813283682	0.0766191184520721
4703.934	-1.0951393051073	0.0380655489861965
4704.945	-0.930254813283682	0
4705.957	-1.0951393051073	0.0766191184520721
4706.968	-0.930254813283682	0.114684671163559
4707.979	-0.930254813283682	0.114684671163559
4708.991	-0.930254813283682	0.0766191184520721
4710.002	-1.01217196788639	0.0380655489861965
4711.014	-0.848337658680975	0.0380655489861965
4712.025	-0.848337658680975	0.0766191184520721
4713.037	-1.0951393051073	0.114684671163559
4714.048	-0.930254813283682	0.0766191184520721
4715.06	-1.17705645971	0.0380655489861965
4716.07	-1.01217196788639	0.0380655489861965
4717.082	-1.01217196788639	0.0766191184520721
4718.093	-0.930254813283682	0.114684671163559
4719.104	-0.766420504078269	0.0380655489861965
4720.116	-1.0951393051073	0.0766191184520721
4721.127	-0.930254813283682	0.114684671163559
4722.139	-1.0951393051073	0.0766191184520721
4723.15	-0.930254813283682	0.0380655489861965
4724.162	-1.0951393051073	0.114684671163559
4725.173	-1.01217196788639	0.0766191184520721
4726.184	-0.930254813283682	0.0766191184520721
4727.196	-1.01217196788639	0.0766191184520721
4728.207	-1.0951393051073	0.114684671163559
4729.219	-0.930254813283682	0.0766191184520721
4730.235	-0.930254813283682	0
4731.242	-1.0951393051073	0.0380655489861965
4732.253	-0.848337658680975	0
4733.264	-1.01217196788639	0.0766191184520721
4734.276	-0.930254813283682	0.114684671163559
4735.286	-0.930254813283682	0.0380655489861965
4736.298	-0.848337658680975	0
4737.309	-0.930254813283682	0.0766191184520721
4738.321	-0.848337658680975	0
4739.332	-0.930254813283682	0.0766191184520721
4740.343	-0.848337658680975	0.0766191184520721
4741.354	-1.0951393051073	0.0766191184520721
4742.365	-0.930254813283682	0.0766191184520721
4743.377	-1.0951393051073	0.114684671163559
4744.388	-0.848337658680975	0.114684671163559
4745.4	-0.848337658680975	0.0766191184520721
4746.411	-0.930254813283682	0.0766191184520721
4747.423	-0.930254813283682	0.0766191184520721
4748.434	-0.930254813283682	0.0766191184520721
4749.446	-1.17705645971	0.114684671163559
4750.457	-1.01217196788639	0.114684671163559
4751.468	-0.930254813283682	0.0766191184520721
4752.48	-0.930254813283682	0.0766191184520721
4753.491	-0.848337658680975	0.0766191184520721
4754.502	-0.848337658680975	0.114684671163559
4755.513	-1.01217196788639	0.0766191184520721
4756.525	-1.17705645971	0
4757.536	-1.0951393051073	0.0766191184520721
4758.548	-1.17705645971	0.114684671163559
4759.559	-0.930254813283682	0.0766191184520721
4760.57	-0.930254813283682	0
4761.582	-0.848337658680975	0
4762.593	-0.930254813283682	0.0380655489861965
4763.605	-1.0951393051073	0
4764.616	-0.930254813283682	0
4765.628	-1.0951393051073	0.0380655489861965
4766.639	-0.848337658680975	0.0766191184520721
4767.651	-1.01217196788639	0
4768.663	-0.848337658680975	0.114684671163559
4769.673	-1.0951393051073	0.0380655489861965
4770.685	-1.0951393051073	0.0766191184520721
4771.696	-0.930254813283682	0
4772.708	-1.0951393051073	0.0766191184520721
4773.719	-0.848337658680975	0.114684671163559
4774.73	-0.930254813283682	0.0766191184520721
4775.741	-0.848337658680975	0.0766191184520721
4776.752	-1.01217196788639	0.0766191184520721
4777.765	-1.01217196788639	0.114684671163559
4778.776	-0.930254813283682	0.0380655489861965
4779.788	-0.930254813283682	0.0766191184520721
4780.799	-0.930254813283682	0.114684671163559
4781.81	-0.930254813283682	0.0380655489861965
4782.821	-1.17705645971	0.0380655489861965
4783.833	-0.930254813283682	0.0766191184520721
4784.844	-1.01217196788639	0.0380655489861965
4785.856	-0.848337658680975	0.0380655489861965
4786.867	-0.930254813283682	0.0766191184520721
4787.879	-0.930254813283682	0.114684671163559
4788.89	-1.01217196788639	0.114684671163559
4789.901	-1.0951393051073	0.0380655489861965
4790.913	-1.01217196788639	0.0766191184520721
4791.924	-0.848337658680975	0.0766191184520721
4792.936	-0.930254813283682	0.0380655489861965
4793.947	-0.848337658680975	0.0766191184520721
4794.957	-0.848337658680975	0.0380655489861965
4795.97	-0.930254813283682	0.0766191184520721
4796.981	-1.17705645971	0.0380655489861965
4797.993	-0.930254813283682	0.0380655489861965
4799.004	-1.01217196788639	0.0766191184520721
4800.015	-0.930254813283682	0.0766191184520721
4801.025	-1.0951393051073	0.0766191184520721
