6600,693    -0,766420504078269    27,3369197845459
6601,264    -49,1752587258816    0,0380655489861965
6602,275    -14,3048046156764    0
6603,286    -8,72498657554388    0,0766191184520721
6604,298    -6,67390739545226    0,0380655489861965
6605,309    -5,44304959475994    0,0380655489861965
6606,321    -4,86857956275344    0,0766191184520721
6607,332    -4,13027498871088    0,114684671163559
6608,344    -4,04835771769285    0,0766191184520721
6609,355    -3,55580449104309    0,0766191184520721
6610,366    -3,14621883444488    0,0766191184520721
6611,378    -2,98133422620595    0,0380655489861965
6612,389    -2,98133422620595    0,152750223875046
6613,401    -2,73558287881315    0,0766191184520721
6614,412    -2,89941718801856    0,114684671163559
6615,424    -2,24302965216339    0,0380655489861965
6616,435    -2,40791426040232    0
6617,447    -1,91536103375256    0,0380655489861965
6618,458    -1,99727830477059    0,114684671163559
6619,469    -1,83344387914985    0,152750223875046
6620,48    -2,161112613976    0,0766191184520721
6621,491    -1,58664223272353    0,0380655489861965
6622,503    -1,99727830477059    0
6623,514    -2,40791426040232    0,0766191184520721
6624,526    -1,91536103375256    0,0766191184520721
6625,537    -1,75152672454715    0,114684671163559
6626,549    -1,66855938732624    0,114684671163559
6627,56    -1,99727830477059    0,114684671163559
6628,571    -1,91536103375256    0,114684671163559
6629,583    -1,66855938732624    0,0766191184520721
6630,594    -1,75152672454715    0,114684671163559
6631,606    -1,50472507812083    0,0766191184520721
6632,617    -1,58664223272353    0,114684671163559
6633,629    -1,83344387914985    0,0766191184520721
6634,641    -1,50472507812083    0,0380655489861965
6635,653    -1,75152672454715    0,114684671163559
6636,663    -1,58664223272353    0,114684671163559
6637,674    -1,75152672454715    0,0380655489861965
6638,686    -1,58664223272353    0,0766191184520721
6639,698    -1,34089076891541    0
6640,708    -1,50472507812083    0,0766191184520721
6641,72    -1,0951393051073    -0,0380655489861965
6642,73    -1,75152672454715    0
6643,742    -1,58664223272353    0,0766191184520721
6644,754    -1,50472507812083    0,0766191184520721
6645,766    -1,25897361431271    -0,0380655489861965
6646,777    -1,17705645971    0,0380655489861965
6647,788    -1,50472507812083    0,114684671163559
6648,799    -1,0951393051073    0,0380655489861965
6649,811    -1,25897361431271    0,0380655489861965
6650,823    -1,34089076891541    0,0380655489861965
6651,833    -1,34089076891541    0
6652,846    -1,01217196788639    0,0766191184520721
6653,857    -1,01217196788639    0,0380655489861965
6654,868    -1,34089076891541    0,114684671163559
6655,88    -1,25897361431271    0,114684671163559
6656,892    -1,25897361431271    0
6657,903    -0,930254813283682    0,0380655489861965
6658,915    -1,34089076891541    0,0766191184520721
6659,925    -1,01217196788639    0,0766191184520721
6660,934    -1,50472507812083    0,114684671163559
6661,947    -1,42280792351812    0,152750223875046
6662,958    -1,17705645971    0
6663,97    -1,42280792351812    0
6664,981    -1,0951393051073    0,0380655489861965
6665,992    -1,34089076891541    0,152750223875046
6667,003    -1,17705645971    0
6668,016    -1,34089076891541    0,114684671163559
6669,026    -0,930254813283682    0,114684671163559
6670,038    -0,930254813283682    0,0766191184520721
6671,05    -1,25897361431271    0,152750223875046
6672,062    -1,01217196788639    0,0766191184520721
6673,072    -1,17705645971    0,0766191184520721
6674,084    -0,930254813283682    0,0766191184520721
6675,095    -1,01217196788639    0,0380655489861965
6676,107    -0,930254813283682    0,0380655489861965
6677,118    -1,0951393051073    0,152750223875046
6678,129    -1,0951393051073    0,0766191184520721
6679,14    -1,25897361431271    0,0766191184520721
6680,151    -1,17705645971    0,114684671163559
6681,163    -1,0951393051073    0,0766191184520721
6682,175    -1,01217196788639    0,0766191184520721
6683,185    -1,0951393051073    0
6684,198    -1,17705645971    0,0380655489861965
6685,208    -0,930254813283682    0,0766191184520721
6686,221    -1,01217196788639    0,0766191184520721
6687,231    -1,17705645971    0,0766191184520721
6688,243    -1,0951393051073    0,0380655489861965
6689,254    -1,0951393051073    0,0380655489861965
6690,265    -0,930254813283682    0,0766191184520721
6691,278    -1,0951393051073    0,0766191184520721
6692,289    -1,01217196788639    0,114684671163559
6693,3    -0,848337658680975    0,0766191184520721
6694,312    -0,930254813283682    0,0766191184520721
6695,322    -1,01217196788639    0
6696,334    -1,01217196788639    0,114684671163559
6697,345    -0,930254813283682    0,0380655489861965
6698,357    -0,848337658680975    0,0766191184520721
6699,368    -1,01217196788639    0,0766191184520721
6700,379    -1,01217196788639    0
6701,391    -1,01217196788639    0
6702,403    -0,930254813283682    0
6703,413    -0,848337658680975    0,0766191184520721
6704,425    -1,17705645971    0
6705,437    -1,25897361431271    0,114684671163559
6706,448    -0,930254813283682    0,0766191184520721
6707,459    -1,01217196788639    0,0766191184520721
6708,47    -1,0951393051073    0,0766191184520721
6709,482    -0,930254813283682    0,0766191184520721
6710,493    -0,848337658680975    0,0766191184520721
6711,505    -1,0951393051073    0
6712,517    -1,01217196788639    0,0766191184520721
6713,528    -0,930254813283682    0,0766191184520721
6714,539    -0,930254813283682    0,114684671163559
6715,55    -0,930254813283682    0,114684671163559
6716,562    -1,0951393051073    0,0766191184520721
6717,573    -0,930254813283682    0,152750223875046
6718,585    -1,0951393051073    0,0766191184520721
6719,595    -0,930254813283682    0,114684671163559
6720,606    -0,930254813283682    0
6721,618    -1,01217196788639    0,0766191184520721
6722,63    -0,848337658680975    0,114684671163559
6723,64    -0,848337658680975    0,190815761685371
6724,652    -0,848337658680975    0,0766191184520721
6725,663    -0,930254813283682    0,114684671163559
6726,674    -0,930254813283682    0,0766191184520721
6727,686    -0,930254813283682    0,0766191184520721
6728,697    -1,0951393051073    0,114684671163559
6729,709    -1,0951393051073    0,114684671163559
6730,72    -1,0951393051073    0,0380655489861965
6731,731    -0,930254813283682    0,190815761685371
6732,743    -0,848337658680975    0,114684671163559
6733,754    -0,930254813283682    0,114684671163559
6734,766    -0,930254813283682    0,0766191184520721
6735,777    -0,930254813283682    0,0766191184520721
6736,789    -0,930254813283682    0,0766191184520721
6737,8    -0,930254813283682    0
6738,811    -1,0951393051073    0,0380655489861965
6739,822    -0,930254813283682    0,0766191184520721
6740,833    -0,930254813283682    0,0380655489861965
6741,845    -0,684503349475563    0,0766191184520721
6742,856    -0,930254813283682    0
6743,868    -0,930254813283682    0,0380655489861965
6744,879    -0,930254813283682    0,0766191184520721
6745,891    -1,01217196788639    0,0766191184520721
6746,902    -0,930254813283682    0
6747,914    -1,0951393051073    0,0766191184520721
6748,925    -0,930254813283682    0,0766191184520721
6749,936    -1,01217196788639    0,0380655489861965
6750,948    -0,848337658680975    0,0766191184520721
6751,959    -0,930254813283682    0,0766191184520721
6752,971    -0,848337658680975    0,114684671163559
6753,982    -0,930254813283682    0
6754,994    -0,930254813283682    0,0766191184520721
6756,005    -1,0951393051073    0,114684671163559
6757,017    -0,930254813283682    0,114684671163559
6758,027    -0,930254813283682    0,0766191184520721
6759,038    -0,930254813283682    0,0766191184520721
6760,05    -1,01217196788639    0,114684671163559
6761,061    -1,0951393051073    0,114684671163559
6762,073    -0,766420504078269    0,0766191184520721
6763,084    -0,930254813283682    0,190815761685371
6764,096    -1,01217196788639    0,114684671163559
6765,107    -1,17705645971    0,152750223875046
6766,119    -0,930254813283682    0,114684671163559
6767,13    -0,848337658680975    0,114684671163559
6768,141    -0,848337658680975    0,114684671163559
6769,153    -0,930254813283682    0
6770,164    -0,930254813283682    0,114684671163559
6771,176    -1,01217196788639    0
6772,187    -0,930254813283682    0,114684671163559
6773,199    -1,0951393051073    0,114684671163559
6774,21    -0,930254813283682    0,114684671163559
6775,221    -1,01217196788639    0,228881314396858
6776,233    -0,930254813283682    0,0766191184520721
6777,243    -0,930254813283682    0,0766191184520721
6778,255    -0,848337658680975    0
6779,266    -0,930254813283682    0,114684671163559
6780,277    -1,01217196788639    0,0766191184520721
6781,288    -0,930254813283682    0,0766191184520721
6782,3    -0,930254813283682    0,0766191184520721
6783,311    -0,766420504078269    0,0766191184520721
6784,322    -1,0951393051073    0,0766191184520721
6785,334    -0,766420504078269    0,114684671163559
6786,345    -0,930254813283682    0,114684671163559
6787,357    -0,930254813283682    0,114684671163559
6788,368    -0,766420504078269    0,0766191184520721
6789,38    -0,848337658680975    0,0766191184520721
6790,391    -0,848337658680975    0,0766191184520721
6791,404    -0,930254813283682    0,114684671163559
6792,415    -0,930254813283682    0,114684671163559
6793,426    -0,930254813283682    0,114684671163559
6794,437    -0,930254813283682    0,0766191184520721
6795,448    -0,848337658680975    0,114684671163559
6796,461    -1,0951393051073    0,0766191184520721
6797,471    -0,766420504078269    0
6798,483    -0,848337658680975    0,0380655489861965
6799,494    -1,01217196788639    0,152750223875046
6800,506    -0,930254813283682    0,0766191184520721
6801,517    -0,848337658680975    0,0766191184520721
6802,528    -0,930254813283682    0,0380655489861965
6803,54    -0,848337658680975    0,114684671163559
6804,551    -0,930254813283682    0,0766191184520721
6805,563    -0,930254813283682    0,152750223875046
6806,574    -0,930254813283682    0,0766191184520721
6807,586    -0,848337658680975    0,0380655489861965
6808,596    -0,930254813283682    0,114684671163559
6809,608    -0,848337658680975    0,0766191184520721
6810,62    -1,01217196788639    0,114684671163559
6811,631    -0,766420504078269    0,0766191184520721
6812,642    -1,01217196788639    0,114684671163559
6813,654    -0,930254813283682    0,114684671163559
6814,665    -0,930254813283682    0,0766191184520721
6815,676    -1,17705645971    0,152750223875046
6816,688    -0,848337658680975    0,190815761685371
6817,698    -1,0951393051073    0,0766191184520721
6818,71    -0,848337658680975    0,0380655489861965
6819,722    -1,0951393051073    0,0766191184520721
6820,733    -0,848337658680975    0,114684671163559
6821,745    -0,930254813283682    0,0380655489861965
6822,756    -0,930254813283682    0
6823,768    -0,848337658680975    0,0380655489861965
6824,778    -1,01217196788639    0,114684671163559
6825,79    -0,848337658680975    0,0766191184520721
6826,801    -0,848337658680975    0,0380655489861965
6827,812    -0,930254813283682    0,0766191184520721
6828,824    -0,848337658680975    0,0766191184520721
6829,836    -1,01217196788639    0,0766191184520721
6830,848    -0,766420504078269    0,114684671163559
6831,859    -1,01217196788639    0,114684671163559
6832,87    -0,848337658680975    0,152750223875046
6833,882    -1,01217196788639    0,114684671163559
6834,894    -0,848337658680975    0,0380655489861965
6835,904    -0,930254813283682    0,114684671163559
6836,915    -0,848337658680975    0,114684671163559
6837,926    -1,0951393051073    0,114684671163559
6838,938    -0,848337658680975    0,0766191184520721
6839,949    -0,848337658680975    0,0380655489861965
6840,96    -0,930254813283682    0,0380655489861965
6841,972    -1,0951393051073    0,0380655489861965
6842,982    -0,930254813283682    0,0766191184520721
6843,994    -0,930254813283682    0,0380655489861965
6845,005    -0,848337658680975    0,114684671163559
6846,016    -0,930254813283682    0,0380655489861965
6847,028    -0,684503349475563    0,114684671163559
6848,039    -0,848337658680975    0,114684671163559
6849,051    -0,766420504078269    0,0766191184520721
6850,062    -0,930254813283682    0,0766191184520721
6851,075    -1,0951393051073    0,114684671163559
6852,085    -0,766420504078269    0,0766191184520721
6853,096    -0,848337658680975    0,0766191184520721
6854,108    -0,684503349475563    0,0766191184520721
6855,119    -0,930254813283682    0,0380655489861965
6856,13    -0,930254813283682    0,0766191184520721
6857,141    -0,848337658680975    0,0380655489861965
6858,154    -0,930254813283682    0,0766191184520721
6859,165    -0,930254813283682    0,0766191184520721
6860,175    -1,01217196788639    0
6861,187    -0,684503349475563    0,0766191184520721
6862,198    -0,930254813283682    0,0766191184520721
6863,21    -0,848337658680975    0,0766191184520721
6864,221    -0,848337658680975    0,0766191184520721
6865,234    -0,930254813283682    0,114684671163559
6866,244    -0,848337658680975    0,0380655489861965
6867,257    -0,848337658680975    0,0380655489861965
6868,267    -0,848337658680975    0,114684671163559
6869,279    -0,930254813283682    0,0766191184520721
6870,29    -0,848337658680975    0,0380655489861965
6871,301    -0,848337658680975    0
6872,313    -0,848337658680975    0
6873,324    -0,930254813283682    0,0766191184520721
6874,336    -0,848337658680975    0
6875,347    -1,01217196788639    0,0766191184520721
6876,358    -1,0951393051073    0,0766191184520721
6877,369    -0,766420504078269    0,114684671163559
6878,382    -0,930254813283682    0,0380655489861965
6879,393    -0,848337658680975    0,114684671163559
6880,403    -0,930254813283682    0,114684671163559
6881,416    -1,01217196788639    0,0766191184520721
6882,426    -0,684503349475563    0,0766191184520721
6883,438    -0,930254813283682    0
6884,449    -0,848337658680975    0,0380655489861965
6885,461    -0,848337658680975    0,114684671163559
6886,472    -0,848337658680975    0,114684671163559
6887,483    -1,01217196788639    0,0766191184520721
6888,495    -0,848337658680975    0,0766191184520721
6889,506    -0,848337658680975    0,0766191184520721
6890,518    -1,01217196788639    0,114684671163559
6891,529    -0,848337658680975    0,0766191184520721
6892,541    -0,848337658680975    0,0380655489861965
6893,552    -0,930254813283682    0,0766191184520721
6894,564    -0,930254813283682    0,0766191184520721
6895,574    -0,930254813283682    0,0380655489861965
6896,585    -0,930254813283682    0,0380655489861965
6897,597    -0,930254813283682    0,0766191184520721
6898,608    -0,766420504078269    0,0766191184520721
6899,62    -0,930254813283682    0
6900,63    -0,848337658680975    0,0766191184520721
6901,642    -0,930254813283682    0,0766191184520721
6902,653    -0,848337658680975    0,0766191184520721
6903,665    -0,930254813283682    0,114684671163559
6904,676    -0,930254813283682    0,0766191184520721
6905,687    -0,930254813283682    0,0766191184520721
6906,699    -0,930254813283682    0,0380655489861965
