8834,248    -0,684503349475563    14,1071901321411
8834,376    -102,342635393143    0,0766191184520721
8835,389    -11,3505367189646    0,114684671163559
8836,399    -5,44304959475994    0,0766191184520721
8837,412    -4,21219179406762    0,0766191184520721
8838,423    -3,39197018183768    0,0380655489861965
8839,434    -3,14621883444488    0,0766191184520721
8840,445    -2,81749991700053    0,0766191184520721
8841,456    -2,24302965216339    0,0380655489861965
8842,468    -1,91536103375256    0,0766191184520721
8843,479    -1,83344387914985    0,0766191184520721
8844,49    -1,58664223272353    0
8845,502    -1,58664223272353    0,0766191184520721
8846,514    -1,99727830477059    0,0380655489861965
8847,524    -1,25897361431271    0,0766191184520721
8848,536    -1,83344387914985    0,0766191184520721
8849,547    -1,91536103375256    0,0766191184520721
8850,558    -1,99727830477059    0,114684671163559
8851,57    -1,75152672454715    0,0380655489861965
8852,581    -1,75152672454715    0,0766191184520721
8853,593    -1,75152672454715    0
8854,604    -1,66855938732624    0,114684671163559
8855,616    -1,42280792351812    0,114684671163559
8856,627    -1,50472507812083    0,114684671163559
8857,64    -1,34089076891541    0,0766191184520721
8858,65    -1,50472507812083    0,0766191184520721
8859,661    -1,34089076891541    0,0766191184520721
8860,673    -1,25897361431271    0,0766191184520721
8861,684    -1,17705645971    0,114684671163559
8862,696    -0,930254813283682    0,0766191184520721
8863,706    -1,17705645971    0,0766191184520721
8864,719    -1,17705645971    0,0380655489861965
8865,73    -1,0951393051073    0,0766191184520721
8866,741    -1,0951393051073    0,0380655489861965
8867,752    -1,0951393051073    0,0380655489861965
8868,764    -0,930254813283682    0,114684671163559
8869,775    -1,0951393051073    0,0766191184520721
8870,786    -0,848337658680975    0,0766191184520721
8871,799    -0,930254813283682    0,0380655489861965
8872,809    -1,34089076891541    0,0380655489861965
8873,821    -0,930254813283682    0,0766191184520721
8874,832    -0,930254813283682    0,114684671163559
8875,843    -0,930254813283682    0
8876,855    -0,848337658680975    0,0766191184520721
8877,866    -0,930254813283682    0,0766191184520721
8878,878    -0,848337658680975    0,0380655489861965
8879,889    -0,930254813283682    0,114684671163559
8880,899    -1,01217196788639    0
8881,911    -0,848337658680975    0
8882,922    -0,930254813283682    0
8883,933    -0,930254813283682    0,0766191184520721
8884,944    -0,848337658680975    0,0766191184520721
8885,957    -0,848337658680975    0,0766191184520721
8886,968    -0,848337658680975    0,0766191184520721
8887,979    -0,930254813283682    0,0766191184520721
8888,99    -0,848337658680975    0,0380655489861965
8890,003    -0,930254813283682    0,0380655489861965
8891,014    -0,848337658680975    0
8892,026    -0,930254813283682    0,114684671163559
8893,037    -0,848337658680975    0
8894,047    -1,01217196788639    0,0766191184520721
8895,059    -0,930254813283682    0,114684671163559
8896,07    -0,848337658680975    0,0766191184520721
8897,082    -0,848337658680975    0,0766191184520721
8898,093    -0,930254813283682    0,0766191184520721
8899,104    -0,930254813283682    0
8900,116    -0,684503349475563    0,0766191184520721
8901,127    -0,930254813283682    0,114684671163559
8902,139    -0,848337658680975    0,0766191184520721
8903,15    -0,930254813283682    0,0380655489861965
8904,161    -0,930254813283682    0,0766191184520721
8905,173    -0,848337658680975    0,0766191184520721
8906,184    -0,930254813283682    0,0766191184520721
8907,195    -0,848337658680975    0,0380655489861965
8908,207    -1,01217196788639    0,0380655489861965
8909,218    -0,848337658680975    0
8910,23    -1,01217196788639    0,0766191184520721
8911,241    -0,848337658680975    0,0766191184520721
8912,252    -0,848337658680975    0
8913,264    -0,930254813283682    0,0380655489861965
8914,275    -0,684503349475563    0,114684671163559
8915,287    -0,930254813283682    0,0380655489861965
8916,298    -0,766420504078269    0
8917,31    -1,0951393051073    0,0766191184520721
8918,32    -0,684503349475563    0,114684671163559
8919,332    -0,930254813283682    0,0380655489861965
8920,343    -0,930254813283682    0,0380655489861965
8921,359    -0,848337658680975    0,0766191184520721
8922,366    -0,930254813283682    0,0766191184520721
8923,377    -0,766420504078269    0,0380655489861965
8924,389    -0,848337658680975    0,0766191184520721
8925,4    -0,848337658680975    0,114684671163559
8926,412    -0,848337658680975    0,0380655489861965
8927,423    -0,848337658680975    0,0766191184520721
8928,434    -0,930254813283682    0
8929,446    -0,848337658680975    0,0380655489861965
8930,457    -1,01217196788639    0,0766191184520721
8931,469    -0,930254813283682    0,114684671163559
8932,48    -0,848337658680975    0,0380655489861965
8933,492    -0,930254813283682    0,114684671163559
8934,503    -0,766420504078269    0,0766191184520721
8935,514    -1,01217196788639    0
8936,526    -0,766420504078269    0
8937,536    -0,848337658680975    0,0766191184520721
8938,548    -0,930254813283682    0,0766191184520721
8939,559    -0,930254813283682    0,0766191184520721
8940,57    -0,766420504078269    0,0380655489861965
8941,581    -1,01217196788639    0,0766191184520721
8942,593    -0,848337658680975    0,114684671163559
8943,604    -0,930254813283682    0,0766191184520721
8944,616    -1,01217196788639    0,114684671163559
8945,627    -0,848337658680975    0,0380655489861965
8946,638    -1,01217196788639    0,0380655489861965
8947,65    -0,848337658680975    0,0766191184520721
8948,661    -1,01217196788639    0,0766191184520721
8949,673    -0,930254813283682    0,0766191184520721
8950,684    -0,848337658680975    0,114684671163559
8951,696    -0,684503349475563    0,190815761685371
8952,707    -1,01217196788639    0,114684671163559
8953,719    -0,848337658680975    0,0766191184520721
8954,73    -0,848337658680975    0,0766191184520721
8955,741    -0,848337658680975    0,0380655489861965
8956,753    -0,766420504078269    0,0766191184520721
8957,763    -1,01217196788639    0
8958,775    -0,848337658680975    0
8959,786    -0,930254813283682    0,0380655489861965
8960,798    -0,848337658680975    0,0766191184520721
8961,809    -1,01217196788639    0,0766191184520721
8962,82    -0,766420504078269    0,114684671163559
8963,832    -1,0951393051073    0,114684671163559
8964,843    -0,930254813283682    0,114684671163559
8965,855    -0,930254813283682    0,0766191184520721
8966,866    -0,848337658680975    0,0766191184520721
8967,878    -0,684503349475563    0,0766191184520721
8968,889    -0,848337658680975    0
8969,901    -0,848337658680975    0
8970,913    -0,930254813283682    0,0380655489861965
8971,923    -0,848337658680975    0,0766191184520721
8972,935    -0,848337658680975    0,0766191184520721
8973,946    -0,930254813283682    0,0766191184520721
8974,958    -0,766420504078269    0,0766191184520721
8975,969    -0,930254813283682    0,0380655489861965
8976,981    -0,848337658680975    0,0766191184520721
8977,992    -0,684503349475563    0,0380655489861965
8979,004    -0,848337658680975    0,0766191184520721
8980,014    -0,930254813283682    0
8981,026    -0,930254813283682    0
8982,038    -0,766420504078269    0
8983,049    -0,930254813283682    0,0766191184520721
8984,061    -0,848337658680975    0,0766191184520721
8985,071    -1,01217196788639    0,0380655489861965
8986,084    -0,848337658680975    0,114684671163559
8987,095    -0,848337658680975    0,0380655489861965
8988,106    -0,848337658680975    0,0766191184520721
8989,118    -0,766420504078269    0
8990,129    -0,930254813283682    0,0766191184520721
8991,141    -0,848337658680975    0,0766191184520721
8992,151    -0,766420504078269    0,0766191184520721
8993,163    -0,766420504078269    0,0766191184520721
8994,175    -1,01217196788639    0,0380655489861965
8995,186    -0,684503349475563    0,114684671163559
8996,197    -0,848337658680975    0,114684671163559
8997,208    -0,848337658680975    0
8998,22    -0,848337658680975    0,0766191184520721
8999,231    -0,930254813283682    0,114684671163559
9000,242    -0,766420504078269    0,0380655489861965
9001,253    -0,930254813283682    0,0766191184520721
9002,265    -0,848337658680975    0,114684671163559
9003,276    -1,01217196788639    0,114684671163559
9004,288    -0,766420504078269    0,0380655489861965
9005,298    -0,930254813283682    0,0766191184520721
9006,309    -0,766420504078269    0,0766191184520721
9007,321    -0,848337658680975    0,0766191184520721
9008,332    -0,848337658680975    0,0766191184520721
9009,344    -0,848337658680975    0,0380655489861965
9010,355    -0,930254813283682    0,0766191184520721
9011,368    -0,848337658680975    0,0766191184520721
9012,378    -0,930254813283682    0,0766191184520721
9013,391    -0,766420504078269    0,0766191184520721
9014,402    -1,01217196788639    0,0766191184520721
9015,412    -0,848337658680975    0,0766191184520721
9016,423    -0,930254813283682    0,0766191184520721
9017,434    -0,848337658680975    0,114684671163559
9018,447    -0,848337658680975    -0,0380655489861965
9019,458    -0,766420504078269    0,114684671163559
9020,469    -0,684503349475563    0,114684671163559
9021,48    -0,848337658680975    0,114684671163559
9022,493    -0,848337658680975    0,0766191184520721
9023,503    -0,930254813283682    0,0766191184520721
9024,515    -0,930254813283682    0,0766191184520721
9025,526    -0,930254813283682    0,114684671163559
9026,537    -0,848337658680975    0,0380655489861965
9027,549    -0,848337658680975    0,114684671163559
9028,56    -0,766420504078269    0,114684671163559
9029,573    -0,930254813283682    0,0766191184520721
9030,583    -0,848337658680975    0,0766191184520721
9031,595    -0,766420504078269    0,0766191184520721
9032,606    -0,930254813283682    0,0766191184520721
9033,617    -0,766420504078269    0,114684671163559
9034,63    -0,930254813283682    0,114684671163559
9035,64    -0,930254813283682    0,0380655489861965
9036,651    -0,766420504078269    0,114684671163559
9037,663    -0,848337658680975    0,114684671163559
9038,675    -0,848337658680975    0,0766191184520721
9039,685    -0,848337658680975    0,0766191184520721
9040,696    -0,766420504078269    0,0380655489861965
9041,709    -0,930254813283682    0,114684671163559
9042,72    -0,766420504078269    0
9043,731    -0,930254813283682    0,0766191184520721
9044,742    -0,848337658680975    0,0380655489861965
9045,755    -0,766420504078269    0,0380655489861965
9046,765    -0,848337658680975    0,0766191184520721
9047,777    -0,848337658680975    0,0766191184520721
9048,788    -0,684503349475563    0,0766191184520721
9049,8    -0,848337658680975    0,114684671163559
9050,812    -0,848337658680975    0
9051,822    -0,766420504078269    0,114684671163559
9052,834    -0,848337658680975    0,0766191184520721
9053,845    -0,766420504078269    0,0766191184520721
9054,857    -0,766420504078269    0,0766191184520721
9055,868    -0,766420504078269    0
9056,879    -0,848337658680975    0,0380655489861965
9057,89    -0,848337658680975    0,0766191184520721
9058,902    -0,848337658680975    0,114684671163559
9059,914    -0,848337658680975    0,0766191184520721
9060,924    -0,684503349475563    0,0766191184520721
9061,935    -1,01217196788639    0,0766191184520721
9062,946    -0,766420504078269    0,114684671163559
9063,958    -0,848337658680975    0,0766191184520721
9064,969    -0,848337658680975    0,0766191184520721
9065,98    -0,766420504078269    0,0380655489861965
9066,992    -0,848337658680975    0,0766191184520721
9068,003    -0,848337658680975    0,0766191184520721
9069,015    -0,848337658680975    0,0766191184520721
9070,026    -0,848337658680975    0
9071,038    -0,848337658680975    0,114684671163559
9072,049    -0,766420504078269    0,0766191184520721
9073,061    -0,930254813283682    0,114684671163559
9074,072    -0,848337658680975    0,114684671163559
9075,083    -0,766420504078269    0,0380655489861965
9076,094    -0,930254813283682    0,114684671163559
9077,105    -0,766420504078269    0,0380655489861965
9078,117    -1,0951393051073    0,114684671163559
9079,128    -0,766420504078269    0,0766191184520721
9080,14    -0,930254813283682    0,114684671163559
9081,151    -0,848337658680975    0,114684671163559
9082,163    -0,766420504078269    0,0380655489861965
9083,174    -0,766420504078269    0,0766191184520721
9084,186    -0,848337658680975    0,114684671163559
9085,197    -0,930254813283682    0,114684671163559
9086,208    -0,848337658680975    0,0766191184520721
9087,22    -1,01217196788639    0,114684671163559
9088,231    -0,930254813283682    0
9089,243    -0,930254813283682    0,0766191184520721
9090,254    -0,848337658680975    0,0766191184520721
9091,266    -0,930254813283682    0,0766191184520721
9092,277    -0,848337658680975    0,0766191184520721
9093,288    -0,930254813283682    0,0380655489861965
9094,3    -0,766420504078269    0,0766191184520721
9095,31    -0,930254813283682    0,0766191184520721
9096,322    -0,848337658680975    0,114684671163559
9097,333    -0,766420504078269    0
9098,345    -0,848337658680975    0,114684671163559
9099,356    -0,766420504078269    0,114684671163559
9100,368    -0,848337658680975    0,114684671163559
9101,379    -0,848337658680975    0,114684671163559
9102,39    -0,930254813283682    0,114684671163559
9103,402    -0,848337658680975    0,114684671163559
9104,413    -0,848337658680975    0,114684671163559
9105,425    -0,848337658680975    0,114684671163559
9106,436    -0,930254813283682    0,114684671163559
9107,448    -0,930254813283682    0,0766191184520721
9108,459    -0,766420504078269    0,114684671163559
9109,471    -0,930254813283682    0,114684671163559
9110,482    -0,766420504078269    0,0766191184520721
9111,493    -0,848337658680975    0,0380655489861965
9112,505    -0,766420504078269    0,114684671163559
9113,516    -0,684503349475563    0,114684671163559
9114,527    -0,848337658680975    0,0766191184520721
9115,538    -0,848337658680975    0,0766191184520721
9116,55    -0,684503349475563    0,114684671163559
9117,561    -0,766420504078269    0,0766191184520721
9118,572    -0,848337658680975    0,0766191184520721
9119,584    -0,848337658680975    0
9120,594    -0,848337658680975    0,0766191184520721
9121,606    -0,930254813283682    0,0380655489861965
9122,617    -0,930254813283682    0,0766191184520721
9123,629    -0,930254813283682    0,114684671163559
9124,641    -0,848337658680975    0,0766191184520721
9125,653    -0,930254813283682    0,0766191184520721
9126,664    -0,848337658680975    0,114684671163559
9127,685    -0,848337658680975    0,114684671163559
9128,687    -0,930254813283682    0,0766191184520721
9129,697    -0,848337658680975    0,0766191184520721
9130,71    -0,930254813283682    0,0766191184520721
9131,72    -0,848337658680975    0,0766191184520721
9132,732    -0,848337658680975    0,0766191184520721
9133,743    -0,848337658680975    0,114684671163559
9134,755    -0,930254813283682    0,0766191184520721
9135,766    -0,848337658680975    0,0766191184520721
