11400.842	-0.930254813283682	-8.42566299438477
11401.336	11.6230230778456	0.0766191184520721
11402.346	3.41765535995364	0
11403.358	1.61337770987302	0.114684671163559
11404.368	0.628271489404142	0.114684671163559
11405.38	0.300602870993316	0.0766191184520721
11406.392	0.135718350065872	0.0766191184520721
11407.403	-0.191950239241123	0.0766191184520721
11408.414	-0.191950239241123	0.0766191184520721
11409.425	-0.27386739384383	0.0766191184520721
11410.437	-0.355784548446536	0.114684671163559
11411.449	-0.438751914771274	0.114684671163559
11412.46	-0.355784548446536	0.0766191184520721
11413.471	-0.438751914771274	0.0766191184520721
11414.484	-0.602586194872856	0.0766191184520721
11415.494	-0.52066904027015	0.114684671163559
11416.506	-0.52066904027015	0.0380655489861965
11417.518	-0.602586194872856	0.0766191184520721
11418.529	-0.602586194872856	0.114684671163559
11419.54	-0.602586194872856	0.0380655489861965
11420.551	-0.602586194872856	0.114684671163559
11421.564	-0.684503349475563	0.0766191184520721
11422.574	-0.602586194872856	0.0766191184520721
11423.587	-0.602586194872856	0.0766191184520721
11424.596	-0.684503349475563	0.114684671163559
11425.608	-0.684503349475563	0.0766191184520721
11426.619	-0.602586194872856	0.114684671163559
11427.631	-0.602586194872856	0.0766191184520721
11428.643	-0.684503349475563	0.114684671163559
11429.653	-0.684503349475563	0.0766191184520721
11430.666	-0.684503349475563	0.0766191184520721
11431.677	-0.602586194872856	0.0380655489861965
11432.689	-0.602586194872856	0.0766191184520721
11433.699	-0.52066904027015	0.114684671163559
11434.711	-0.602586194872856	0.0766191184520721
11435.723	-0.684503349475563	0.114684671163559
11436.733	-0.602586194872856	0.0766191184520721
11437.746	-0.684503349475563	0.114684671163559
11438.757	-0.602586194872856	0.114684671163559
11439.768	-0.602586194872856	0.114684671163559
11440.78	-0.766420504078269	0.114684671163559
11441.792	-0.602586194872856	0.114684671163559
11442.803	-0.684503349475563	0.0766191184520721
11443.812	-0.766420504078269	0.0766191184520721
11444.824	-0.684503349475563	0.0766191184520721
11445.836	-0.684503349475563	0.114684671163559
11446.847	-0.766420504078269	0.114684671163559
11447.858	-0.684503349475563	0.0766191184520721
11448.871	-0.602586194872856	0.114684671163559
11449.881	-0.848337658680975	0.0380655489861965
11450.893	-0.684503349475563	0.0766191184520721
11451.904	-0.684503349475563	0.0766191184520721
11452.916	-0.684503349475563	0.114684671163559
11453.927	-0.684503349475563	0.0766191184520721
11454.938	-0.684503349475563	0.114684671163559
11455.951	-0.684503349475563	0.152750223875046
11456.961	-0.684503349475563	0.0766191184520721
11457.973	-0.684503349475563	0.0766191184520721
11458.984	-0.684503349475563	0.114684671163559
11459.996	-0.602586194872856	0.0766191184520721
11461.006	-0.848337658680975	0.0766191184520721
11462.017	-0.766420504078269	0.114684671163559
11463.029	-0.684503349475563	0.0766191184520721
11464.039	-0.766420504078269	0.0766191184520721
11465.051	-0.684503349475563	0.114684671163559
11466.062	-0.602586194872856	0.114684671163559
11467.074	-0.684503349475563	0.0380655489861965
11468.085	-0.684503349475563	0.0766191184520721
11469.097	-0.684503349475563	0.0766191184520721
11470.108	-0.684503349475563	0.0766191184520721
11471.119	-0.684503349475563	0.0766191184520721
11472.131	-0.684503349475563	0.0766191184520721
11473.142	-0.848337658680975	0
11474.154	-0.684503349475563	0.0766191184520721
11475.165	-0.848337658680975	0.114684671163559
11476.177	-0.684503349475563	0.114684671163559
11477.188	-0.684503349475563	0.0766191184520721
11478.199	-0.848337658680975	0.152750223875046
11479.211	-0.684503349475563	0.0766191184520721
11480.222	-0.766420504078269	0.0766191184520721
11481.234	-0.766420504078269	0.0380655489861965
11482.245	-0.684503349475563	0.114684671163559
11483.256	-0.766420504078269	0.0766191184520721
11484.267	-0.766420504078269	0.0766191184520721
11485.279	-0.684503349475563	0.0766191184520721
11486.29	-0.766420504078269	0.114684671163559
11487.302	-0.848337658680975	0.114684671163559
11488.313	-0.684503349475563	0.114684671163559
11489.324	-0.602586194872856	0.114684671163559
11490.336	-0.684503349475563	0.0380655489861965
11491.347	-0.684503349475563	0.114684671163559
11492.359	-0.684503349475563	0.114684671163559
11493.37	-0.684503349475563	0.0766191184520721
11494.382	-0.684503349475563	0.114684671163559
11495.393	-0.766420504078269	0.0766191184520721
11496.404	-0.684503349475563	0
11497.416	-0.684503349475563	0.0766191184520721
11498.427	-0.766420504078269	0.0766191184520721
11499.439	-0.848337658680975	0.152750223875046
11500.45	-0.684503349475563	0.0766191184520721
11501.462	-0.766420504078269	0.0380655489861965
11502.472	-0.684503349475563	0.0766191184520721
11503.484	-0.684503349475563	0.0766191184520721
11504.495	-0.684503349475563	0.114684671163559
11505.506	-0.766420504078269	0.0766191184520721
11506.518	-0.848337658680975	0.114684671163559
11507.529	-0.684503349475563	0.114684671163559
11508.541	-0.684503349475563	0.114684671163559
11509.552	-0.684503349475563	0.0766191184520721
11510.564	-0.766420504078269	0.114684671163559
11511.575	-0.684503349475563	0.114684671163559
11512.586	-0.848337658680975	0.0766191184520721
11513.598	-0.684503349475563	0.114684671163559
11514.609	-0.602586194872856	0.0766191184520721
11515.621	-0.684503349475563	0.152750223875046
11516.632	-0.766420504078269	0.114684671163559
11517.644	-0.684503349475563	0.0766191184520721
11518.655	-0.684503349475563	0.152750223875046
11519.667	-0.684503349475563	0.0766191184520721
11520.677	-0.684503349475563	0.114684671163559
11521.689	-0.684503349475563	0.114684671163559
11522.699	-0.766420504078269	0.114684671163559
11523.711	-0.766420504078269	0.114684671163559
11524.723	-0.766420504078269	0.0766191184520721
11525.733	-0.848337658680975	0.0380655489861965
11526.746	-0.684503349475563	0.152750223875046
11527.757	-0.848337658680975	0.114684671163559
11528.768	-0.848337658680975	0.0766191184520721
11529.78	-0.684503349475563	0.114684671163559
11530.791	-0.766420504078269	0.152750223875046
11531.802	-0.848337658680975	0.0766191184520721
11532.813	-0.766420504078269	0.0766191184520721
11533.826	-0.684503349475563	0.0766191184520721
11534.837	-0.766420504078269	0.0766191184520721
11535.849	-0.684503349475563	0.152750223875046
11536.86	-0.684503349475563	0.0766191184520721
11537.871	-0.684503349475563	0.114684671163559
11538.882	-0.848337658680975	0.0766191184520721
11539.894	-0.766420504078269	0.0766191184520721
11540.905	-0.684503349475563	0.0766191184520721
11541.916	-0.684503349475563	0.0766191184520721
11542.928	-0.684503349475563	0.0766191184520721
11543.938	-0.766420504078269	0.190815761685371
11544.951	-0.766420504078269	0.0766191184520721
11545.961	-0.766420504078269	0.0766191184520721
11546.973	-0.684503349475563	0.114684671163559
11547.985	-0.848337658680975	0.0766191184520721
11548.996	-0.766420504078269	0.0766191184520721
11550.008	-0.766420504078269	0.114684671163559
11551.018	-0.684503349475563	0.0766191184520721
11552.03	-0.684503349475563	0.0766191184520721
11553.041	-0.766420504078269	0.0380655489861965
11554.053	-0.766420504078269	0.0766191184520721
11555.064	-0.684503349475563	0.0766191184520721
11556.077	-0.684503349475563	0.114684671163559
11557.088	-0.684503349475563	0.0766191184520721
11558.099	-0.848337658680975	0.0766191184520721
11559.11	-0.848337658680975	0.0766191184520721
11560.121	-0.684503349475563	0
11561.134	-0.684503349475563	0.0766191184520721
11562.143	-0.766420504078269	0.0380655489861965
11563.156	-0.848337658680975	0.0766191184520721
11564.166	-0.684503349475563	0.114684671163559
11565.179	-0.848337658680975	0.114684671163559
11566.189	-0.766420504078269	0.114684671163559
11567.201	-0.848337658680975	0.152750223875046
11568.212	-0.766420504078269	0.0766191184520721
11569.223	-0.848337658680975	0.114684671163559
11570.236	-0.766420504078269	0.0766191184520721
11571.246	-0.684503349475563	0.0766191184520721
11572.258	-0.766420504078269	0.152750223875046
11573.27	-0.684503349475563	0.0766191184520721
11574.28	-0.766420504078269	0.190815761685371
11575.292	-0.848337658680975	0.114684671163559
11576.304	-0.848337658680975	0.0766191184520721
11577.315	-0.848337658680975	0.152750223875046
11578.326	-0.684503349475563	0.0766191184520721
11579.338	-0.684503349475563	0.114684671163559
11580.349	-0.766420504078269	0.0766191184520721
11581.359	-0.848337658680975	0.152750223875046
11582.37	-0.930254813283682	0.114684671163559
11583.383	-0.766420504078269	0.114684671163559
11584.394	-0.684503349475563	0.190815761685371
11585.405	-0.766420504078269	0.114684671163559
11586.416	-0.766420504078269	0.114684671163559
11587.428	-0.684503349475563	0.152750223875046
11588.44	-0.766420504078269	0.152750223875046
11589.45	-0.848337658680975	0.0766191184520721
11590.462	-0.848337658680975	0.0766191184520721
11591.474	-0.766420504078269	0.0766191184520721
11592.484	-0.766420504078269	0.0766191184520721
11593.496	-0.766420504078269	0.190815761685371
11594.508	-0.766420504078269	0.0766191184520721
11595.519	-0.848337658680975	0.190815761685371
11596.53	-0.684503349475563	0.0766191184520721
11597.542	-0.684503349475563	0.0766191184520721
11598.553	-0.684503349475563	0.0766191184520721
11599.565	-0.766420504078269	0.0766191184520721
11600.577	-0.848337658680975	0.0766191184520721
11601.587	-0.848337658680975	0.114684671163559
11602.598	-0.848337658680975	0.114684671163559
11603.61	-0.684503349475563	0.114684671163559
11604.621	-0.684503349475563	0
11605.632	-0.602586194872856	0.114684671163559
11606.644	-0.766420504078269	0.0380655489861965
11607.655	-0.848337658680975	0.0766191184520721
11608.667	-0.684503349475563	0.114684671163559
11609.678	-0.848337658680975	0.152750223875046
11610.689	-0.848337658680975	0.114684671163559
11611.701	-0.684503349475563	0.114684671163559
11612.712	-0.684503349475563	0.0380655489861965
11613.724	-0.766420504078269	0.114684671163559
11614.735	-0.848337658680975	0.0766191184520721
11615.747	-0.848337658680975	0.114684671163559
11616.758	-0.766420504078269	0.152750223875046
11617.77	-0.766420504078269	0.152750223875046
11618.781	-0.848337658680975	0.0766191184520721
11619.792	-0.848337658680975	0.114684671163559
11620.803	-0.766420504078269	0.114684671163559
11621.814	-0.684503349475563	0.0766191184520721
11622.826	-0.766420504078269	0.0766191184520721
11623.837	-0.766420504078269	0.114684671163559
11624.849	-0.766420504078269	0.114684671163559
11625.86	-0.684503349475563	0.114684671163559
11626.871	-0.848337658680975	0
11627.883	-0.766420504078269	0.0766191184520721
11628.894	-0.848337658680975	0.0766191184520721
11629.906	-0.684503349475563	0.114684671163559
11630.917	-0.848337658680975	0.152750223875046
11631.929	-0.684503349475563	0.114684671163559
11632.94	-0.766420504078269	0.114684671163559
11633.952	-0.766420504078269	0.0766191184520721
11634.963	-0.684503349475563	0.114684671163559
11635.974	-0.848337658680975	0.114684671163559
11636.986	-0.684503349475563	0.114684671163559
11637.997	-0.848337658680975	0.114684671163559
11639.009	-0.684503349475563	0.190815761685371
11640.018	-0.766420504078269	0.114684671163559
11641.03	-0.848337658680975	0.0766191184520721
11642.041	-0.766420504078269	0.114684671163559
11643.053	-0.848337658680975	0.114684671163559
11644.064	-0.848337658680975	0.152750223875046
11645.075	-0.766420504078269	0.0766191184520721
11646.087	-0.930254813283682	0.114684671163559
11647.098	-0.930254813283682	0.114684671163559
11648.11	-0.766420504078269	0.114684671163559
11649.121	-0.766420504078269	0.0766191184520721
11650.133	-0.684503349475563	0.114684671163559
11651.144	-0.766420504078269	0.152750223875046
11652.156	-0.848337658680975	0.152750223875046
11653.167	-0.848337658680975	0.190815761685371
11654.178	-0.848337658680975	0.114684671163559
11655.19	-0.766420504078269	0.0766191184520721
11656.201	-0.848337658680975	0.114684671163559
11657.213	-0.684503349475563	0.114684671163559
11658.224	-0.766420504078269	0.152750223875046
11659.236	-0.766420504078269	0.152750223875046
11660.246	-0.848337658680975	0.114684671163559
11661.258	-0.848337658680975	0.114684671163559
11662.269	-0.766420504078269	0.114684671163559
11663.28	-0.766420504078269	0.114684671163559
11664.292	-0.848337658680975	0.152750223875046
11665.303	-0.930254813283682	0.0766191184520721
11666.315	-0.684503349475563	0.0766191184520721
11667.326	-0.766420504078269	0.152750223875046
11668.338	-0.848337658680975	0.114684671163559
11669.349	-0.684503349475563	0.114684671163559
11670.361	-0.848337658680975	0.114684671163559
11671.372	-0.766420504078269	0.114684671163559
11672.383	-0.848337658680975	0.114684671163559
11673.395	-0.684503349475563	0.0766191184520721
11674.406	-0.848337658680975	0.114684671163559
11675.418	-0.766420504078269	0.114684671163559
11676.429	-0.766420504078269	0.152750223875046
11677.441	-0.848337658680975	0.114684671163559
11678.453	-0.766420504078269	0.114684671163559
11679.463	-0.848337658680975	0.114684671163559
11680.474	-0.766420504078269	0.114684671163559
11681.486	-0.766420504078269	0.190815761685371
11682.497	-0.848337658680975	0.114684671163559
11683.509	-0.766420504078269	0.0766191184520721
11684.521	-0.766420504078269	0.114684671163559
11685.532	-0.684503349475563	0.0380655489861965
11686.544	-0.684503349475563	0.114684671163559
11687.555	-0.766420504078269	0.0766191184520721
11688.566	-0.766420504078269	0.114684671163559
11689.578	-0.766420504078269	0.114684671163559
11690.588	-0.684503349475563	0.114684671163559
11691.6	-0.766420504078269	0.0766191184520721
11692.612	-0.766420504078269	0.0766191184520721
11693.623	-0.766420504078269	0.0766191184520721
11694.634	-0.848337658680975	0.114684671163559
11695.647	-0.766420504078269	0.114684671163559
11696.658	-0.848337658680975	0.114684671163559
11697.668	-0.930254813283682	0.114684671163559
11698.681	-0.766420504078269	0.0766191184520721
11699.691	-0.848337658680975	0.114684671163559
11700.702	-0.684503349475563	0.114684671163559
