13501.292	-0.848337658680975	-11.8954839706421
13501.958	12.8538813441992	0.114684671163559
13502.97	5.22298319265246	0.0766191184520721
13503.981	2.18784809112549	0.0766191184520721
13504.993	1.3665760634467	0.0766191184520721
13506.003	0.628271489404142	0.114684671163559
13507.015	0.0538012063771021	0.0766191184520721
13508.026	-0.191950239241123	0.0766191184520721
13509.037	-0.191950239241123	0
13510.049	-0.27386739384383	0.0766191184520721
13511.06	-0.355784548446536	0.0766191184520721
13512.072	-0.355784548446536	0.114684671163559
13513.083	-0.355784548446536	0.114684671163559
13514.095	-0.52066904027015	0.0766191184520721
13515.106	-0.52066904027015	0.114684671163559
13516.118	-0.438751914771274	0.114684671163559
13517.129	-0.438751914771274	0.114684671163559
13518.141	-0.602586194872856	0.0766191184520721
13519.152	-0.52066904027015	0.114684671163559
13520.163	-0.602586194872856	0.0766191184520721
13521.175	-0.766420504078269	0.114684671163559
13522.186	-0.602586194872856	0.0766191184520721
13523.198	-0.438751914771274	0.0766191184520721
13524.209	-0.684503349475563	0.114684671163559
13525.221	-0.602586194872856	0.0766191184520721
13526.231	-0.602586194872856	0.0766191184520721
13527.242	-0.602586194872856	0.114684671163559
13528.254	-0.766420504078269	0.114684671163559
13529.265	-0.684503349475563	0.0766191184520721
13530.277	-0.684503349475563	0.114684671163559
13531.288	-0.766420504078269	0.0766191184520721
13532.3	-0.684503349475563	0.0380655489861965
13533.311	-0.766420504078269	0.0766191184520721
13534.323	-0.684503349475563	0.114684671163559
13535.334	-0.766420504078269	0.114684671163559
13536.345	-0.766420504078269	0.0766191184520721
13537.357	-0.848337658680975	0.114684671163559
13538.368	-0.766420504078269	0.114684671163559
13539.38	-0.766420504078269	0.0766191184520721
13540.391	-0.684503349475563	0.0380655489861965
13541.403	-0.766420504078269	0.0766191184520721
13542.426	-0.766420504078269	0.114684671163559
13543.426	-0.684503349475563	0.0766191184520721
13544.437	-0.766420504078269	0.114684671163559
13545.447	-0.848337658680975	0.0766191184520721
13546.459	-0.766420504078269	0.0766191184520721
13547.47	-0.848337658680975	0.0766191184520721
13548.482	-0.848337658680975	0.152750223875046
13549.494	-0.930254813283682	0.0766191184520721
13550.506	-0.766420504078269	0.114684671163559
13551.516	-0.848337658680975	0.0766191184520721
13552.528	-0.848337658680975	0.0380655489861965
13553.539	-0.848337658680975	0.114684671163559
13554.551	-0.848337658680975	0.114684671163559
13555.563	-0.684503349475563	0.0380655489861965
13556.573	-0.930254813283682	0.0766191184520721
13557.585	-0.848337658680975	0.0766191184520721
13558.596	-0.848337658680975	0.114684671163559
13559.609	-0.930254813283682	0.114684671163559
13560.618	-0.766420504078269	0.0766191184520721
13561.63	-0.848337658680975	0.114684671163559
13562.642	-0.766420504078269	0.114684671163559
13563.653	-0.848337658680975	0.0766191184520721
13564.663	-0.930254813283682	0
13565.674	-0.848337658680975	0.0766191184520721
13566.686	-0.848337658680975	0.0766191184520721
13567.697	-0.848337658680975	0
13568.709	-0.930254813283682	0.0766191184520721
13569.721	-0.930254813283682	0.0766191184520721
13570.732	-0.684503349475563	0.0766191184520721
13571.743	-0.848337658680975	0.0766191184520721
13572.755	-0.848337658680975	0.114684671163559
13573.767	-0.930254813283682	0.0766191184520721
13574.778	-0.848337658680975	0.0766191184520721
13575.789	-1.01217196788639	0.114684671163559
13576.801	-0.766420504078269	0.0766191184520721
13577.812	-1.0951393051073	0.0766191184520721
13578.823	-0.684503349475563	0.0766191184520721
13579.835	-0.930254813283682	0.0380655489861965
13580.846	-0.930254813283682	0.0380655489861965
13581.857	-0.930254813283682	0.0380655489861965
13582.869	-0.930254813283682	0.0766191184520721
13583.88	-0.930254813283682	0.0766191184520721
13584.892	-0.930254813283682	0.0766191184520721
13585.902	-0.848337658680975	0.114684671163559
13586.914	-1.01217196788639	0.152750223875046
13587.925	-0.766420504078269	0.114684671163559
13588.937	-0.848337658680975	0.114684671163559
13589.949	-0.848337658680975	0.114684671163559
13590.96	-0.930254813283682	0.0766191184520721
13591.971	-0.930254813283682	0.0766191184520721
13592.983	-0.848337658680975	0.0766191184520721
13593.994	-0.930254813283682	0.114684671163559
13595.005	-0.848337658680975	0.0766191184520721
13596.016	-0.848337658680975	0.0380655489861965
13597.029	-0.766420504078269	0.0766191184520721
13598.04	-0.930254813283682	0.0766191184520721
13599.051	-1.01217196788639	0.114684671163559
13600.063	-1.01217196788639	0.152750223875046
13601.074	-0.848337658680975	0.114684671163559
13602.085	-0.930254813283682	0
13603.098	-0.848337658680975	0.0380655489861965
13604.108	-0.848337658680975	0.152750223875046
13605.119	-0.930254813283682	0.0766191184520721
13606.13	-0.848337658680975	0.0766191184520721
13607.142	-0.848337658680975	0.0766191184520721
13608.153	-0.684503349475563	0.114684671163559
13609.164	-1.01217196788639	0.0766191184520721
13610.177	-0.930254813283682	0.114684671163559
13611.188	-0.848337658680975	0.0766191184520721
13612.199	-0.848337658680975	0.0766191184520721
13613.21	-1.01217196788639	0.0766191184520721
13614.221	-0.848337658680975	0.114684671163559
13615.233	-1.01217196788639	0
13616.244	-0.766420504078269	0.0766191184520721
13617.256	-0.930254813283682	0.0766191184520721
13618.268	-0.766420504078269	0.152750223875046
13619.279	-0.848337658680975	0.114684671163559
13620.29	-0.930254813283682	0.0766191184520721
13621.301	-0.930254813283682	0.0766191184520721
13622.312	-0.930254813283682	0.0766191184520721
13623.324	-0.930254813283682	0.114684671163559
13624.334	-1.01217196788639	0.0766191184520721
13625.345	-0.766420504078269	0.0766191184520721
13626.357	-0.848337658680975	0.0766191184520721
13627.369	-0.930254813283682	0.0766191184520721
13628.38	-0.930254813283682	0.0766191184520721
13629.391	-0.930254813283682	0.0766191184520721
13630.403	-0.930254813283682	0.114684671163559
13631.415	-0.930254813283682	0.0766191184520721
13632.425	-1.01217196788639	0.0766191184520721
13633.437	-0.848337658680975	0.0766191184520721
13634.449	-0.766420504078269	0.114684671163559
13635.461	-1.01217196788639	0.114684671163559
13636.471	-0.848337658680975	0.0766191184520721
13637.483	-0.766420504078269	0.114684671163559
13638.494	-0.930254813283682	0.0766191184520721
13639.506	-1.01217196788639	0.114684671163559
13640.517	-0.848337658680975	0.0766191184520721
13641.528	-1.01217196788639	0.114684671163559
13642.54	-0.930254813283682	0.114684671163559
13643.55	-1.01217196788639	0.0766191184520721
13644.562	-0.930254813283682	0.190815761685371
13645.573	-1.0951393051073	0.114684671163559
13646.585	-0.930254813283682	0.114684671163559
13647.602	-0.848337658680975	0.114684671163559
13648.608	-0.848337658680975	0.0766191184520721
13649.619	-1.01217196788639	0.0766191184520721
13650.63	-0.848337658680975	0.0766191184520721
13651.642	-0.930254813283682	0.114684671163559
13652.653	-1.01217196788639	0.114684671163559
13653.665	-0.930254813283682	0.0766191184520721
13654.676	-0.848337658680975	0.152750223875046
13655.688	-0.930254813283682	0.114684671163559
13656.699	-0.930254813283682	0.114684671163559
13657.711	-0.930254813283682	0.0766191184520721
13658.722	-0.848337658680975	0.114684671163559
13659.733	-1.0951393051073	0.190815761685371
13660.745	-0.930254813283682	0.114684671163559
13661.756	-0.930254813283682	0.114684671163559
13662.767	-1.0951393051073	0.190815761685371
13663.778	-0.930254813283682	0.0766191184520721
13664.79	-0.848337658680975	0.0766191184520721
13665.801	-0.766420504078269	0.114684671163559
13666.812	-0.930254813283682	0.114684671163559
13667.824	-0.930254813283682	0.0766191184520721
13668.835	-1.0951393051073	0.114684671163559
13669.847	-0.930254813283682	0.152750223875046
13670.858	-0.684503349475563	0.114684671163559
13671.87	-0.930254813283682	0.114684671163559
13672.881	-0.930254813283682	0.114684671163559
13673.893	-0.930254813283682	0.114684671163559
13674.904	-1.01217196788639	0.114684671163559
13675.915	-0.930254813283682	0.0766191184520721
13676.927	-0.930254813283682	0.114684671163559
13677.938	-0.930254813283682	0.0766191184520721
13678.95	-0.930254813283682	0.114684671163559
13679.961	-0.930254813283682	0.152750223875046
13680.972	-0.848337658680975	0.0380655489861965
13681.983	-0.930254813283682	0.114684671163559
13682.994	-0.930254813283682	0.114684671163559
13684.005	-0.766420504078269	0.190815761685371
13685.016	-0.684503349475563	0.114684671163559
13686.028	-0.848337658680975	0.114684671163559
13687.039	-0.930254813283682	0.152750223875046
13688.051	-0.930254813283682	0.114684671163559
13689.062	-1.01217196788639	0.0766191184520721
13690.074	-0.848337658680975	0.0380655489861965
13691.09	-0.848337658680975	0.114684671163559
13692.096	-0.930254813283682	0.114684671163559
13693.108	-1.01217196788639	0.152750223875046
13694.119	-0.848337658680975	0.114684671163559
13695.131	-0.930254813283682	0.152750223875046
13696.142	-1.01217196788639	0.190815761685371
13697.154	-0.930254813283682	0.114684671163559
13698.165	-0.930254813283682	0.0766191184520721
13699.177	-1.01217196788639	0.0766191184520721
13700.188	-0.848337658680975	0.0766191184520721
13701.201	-0.848337658680975	0.0766191184520721
13702.21	-0.930254813283682	0.0766191184520721
13703.222	-0.930254813283682	0.114684671163559
13704.234	-0.848337658680975	0.0766191184520721
13705.244	-0.930254813283682	0.190815761685371
13706.256	-0.930254813283682	0.114684671163559
13707.268	-0.848337658680975	0.114684671163559
13708.28	-0.848337658680975	0.114684671163559
13709.291	-0.766420504078269	0.114684671163559
13710.302	-0.848337658680975	0.114684671163559
13711.313	-0.930254813283682	0.114684671163559
13712.325	-0.848337658680975	0.152750223875046
13713.336	-0.848337658680975	0.114684671163559
13714.347	-0.930254813283682	0.152750223875046
13715.36	-0.930254813283682	0.152750223875046
13716.371	-0.930254813283682	0.114684671163559
13717.382	-0.930254813283682	0.114684671163559
13718.394	-0.848337658680975	0.0766191184520721
13719.406	-0.930254813283682	0.0766191184520721
13720.416	-0.930254813283682	0.114684671163559
13721.427	-0.930254813283682	0.114684671163559
13722.438	-1.0951393051073	0.114684671163559
13723.45	-0.848337658680975	0.0766191184520721
13724.461	-0.930254813283682	0.152750223875046
13725.472	-0.930254813283682	0.114684671163559
13726.485	-0.930254813283682	0.114684671163559
13727.496	-0.766420504078269	0.114684671163559
13728.506	-0.848337658680975	0.114684671163559
13729.518	-0.848337658680975	0.0766191184520721
13730.529	-0.930254813283682	0.114684671163559
13731.541	-1.0951393051073	0.114684671163559
13732.553	-0.848337658680975	0.114684671163559
13733.564	-1.0951393051073	0.152750223875046
13734.575	-1.0951393051073	0.114684671163559
13735.587	-0.930254813283682	0.114684671163559
13736.598	-0.930254813283682	0.114684671163559
13737.61	-0.848337658680975	0.114684671163559
13738.621	-0.848337658680975	0.114684671163559
13739.632	-0.848337658680975	0.114684671163559
13740.643	-0.848337658680975	0.0766191184520721
13741.653	-0.848337658680975	0.114684671163559
13742.666	-1.01217196788639	0.190815761685371
13743.676	-1.17705645971	0.114684671163559
13744.688	-0.930254813283682	0.114684671163559
13745.699	-1.01217196788639	0.0766191184520721
13746.71	-0.766420504078269	0.152750223875046
13747.723	-0.930254813283682	0.0766191184520721
13748.733	-0.848337658680975	0.0766191184520721
13749.746	-1.0951393051073	0.0766191184520721
13750.756	-0.848337658680975	0.0380655489861965
13751.769	-1.01217196788639	0.114684671163559
13752.78	-1.0951393051073	0.0766191184520721
13753.792	-0.848337658680975	0.0766191184520721
13754.802	-0.848337658680975	0.0766191184520721
13755.813	-0.930254813283682	0.0766191184520721
13756.825	-1.0951393051073	0.114684671163559
13757.837	-1.01217196788639	0.0766191184520721
13758.848	-0.848337658680975	0.114684671163559
13759.86	-0.930254813283682	0.114684671163559
13760.872	-0.930254813283682	0.0766191184520721
13761.881	-1.01217196788639	0.114684671163559
13762.893	-0.930254813283682	0.114684671163559
13763.905	-0.930254813283682	0.114684671163559
13764.915	-1.01217196788639	0.114684671163559
13765.927	-0.930254813283682	0.0766191184520721
13766.939	-0.930254813283682	0.114684671163559
13767.951	-0.848337658680975	0.114684671163559
13768.961	-0.930254813283682	0.114684671163559
13769.974	-0.930254813283682	0.0766191184520721
13770.985	-0.930254813283682	0.0766191184520721
13771.997	-0.930254813283682	0.114684671163559
13773.008	-0.848337658680975	0.0766191184520721
13774.018	-0.684503349475563	0.0766191184520721
13775.03	-0.930254813283682	0.114684671163559
13776.042	-0.848337658680975	0.0380655489861965
13777.054	-0.930254813283682	0.114684671163559
13778.064	-1.0951393051073	0.114684671163559
13779.076	-0.848337658680975	0.114684671163559
13780.087	-0.930254813283682	0.0380655489861965
13781.097	-0.848337658680975	0.114684671163559
13782.109	-0.848337658680975	0.0766191184520721
13783.12	-0.930254813283682	0.0766191184520721
13784.133	-0.930254813283682	0.0766191184520721
13785.143	-0.848337658680975	0.0766191184520721
13786.155	-0.684503349475563	0.0766191184520721
13787.174	-0.930254813283682	0.114684671163559
13788.178	-1.01217196788639	0.114684671163559
13789.189	-0.930254813283682	0.114684671163559
13790.201	-1.0951393051073	0.114684671163559
13791.212	-0.930254813283682	0.152750223875046
13792.223	-0.930254813283682	0.0766191184520721
13793.235	-0.930254813283682	0.114684671163559
13794.246	-0.848337658680975	0.114684671163559
13795.258	-1.0951393051073	0.0766191184520721
13796.269	-0.930254813283682	0.0766191184520721
13797.281	-0.930254813283682	0.0380655489861965
13798.292	-1.01217196788639	0.114684671163559
13799.303	-0.930254813283682	0.114684671163559
13800.313	-1.01217196788639	0.0766191184520721
