15601.311	-0.848337658680975	-9.83652877807617
15601.572	23.6018318682909	0.0766191184520721
15602.583	5.96128776669502	0.152750223875046
15603.594	2.43359943851829	0.114684671163559
15604.605	1.3665760634467	0.114684671163559
15605.618	0.300602870993316	0.114684671163559
15606.629	0.135718350065872	0.0766191184520721
15607.638	-0.0281159445876256	0.114684671163559
15608.65	-0.191950239241123	0.152750223875046
15609.662	-0.27386739384383	0.0766191184520721
15610.673	-0.355784548446536	0.114684671163559
15611.685	-0.27386739384383	0.152750223875046
15612.696	-0.602586194872856	0.114684671163559
15613.708	-0.27386739384383	0.114684671163559
15614.719	-0.27386739384383	0.114684671163559
15615.731	-0.438751914771274	0.114684671163559
15616.741	-0.438751914771274	0.114684671163559
15617.753	-0.438751914771274	0.114684671163559
15618.764	-0.684503349475563	0.114684671163559
15619.776	-0.602586194872856	0.0766191184520721
15620.787	-0.684503349475563	0.114684671163559
15621.799	-0.684503349475563	0.114684671163559
15622.811	-0.684503349475563	0.114684671163559
15623.822	-0.684503349475563	0.114684671163559
15624.834	-0.602586194872856	0.190815761685371
15625.845	-0.602586194872856	0.152750223875046
15626.855	-0.684503349475563	0.0766191184520721
15627.866	-0.602586194872856	0.152750223875046
15628.879	-0.684503349475563	0.0766191184520721
15629.889	-0.52066904027015	0.152750223875046
15630.902	-0.684503349475563	0.0766191184520721
15631.912	-0.602586194872856	0.114684671163559
15632.925	-0.602586194872856	0.0380655489861965
15633.936	-0.52066904027015	0.0380655489861965
15634.946	-0.602586194872856	0.114684671163559
15635.958	-0.602586194872856	0.0766191184520721
15636.97	-0.848337658680975	0.114684671163559
15637.981	-0.684503349475563	0.0766191184520721
15638.992	-0.602586194872856	0.0766191184520721
15640.004	-0.684503349475563	0.0766191184520721
15641.016	-0.684503349475563	0.114684671163559
15642.028	-0.602586194872856	0.0766191184520721
15643.039	-0.602586194872856	0.0766191184520721
15644.05	-0.766420504078269	0.0766191184520721
15645.061	-0.684503349475563	0.152750223875046
15646.072	-0.602586194872856	0.114684671163559
15647.084	-0.602586194872856	0.114684671163559
15648.094	-0.848337658680975	0.0766191184520721
15649.107	-0.602586194872856	0.0380655489861965
15650.118	-0.602586194872856	0.114684671163559
15651.128	-0.684503349475563	0.0766191184520721
15652.14	-0.684503349475563	0.114684671163559
15653.152	-0.684503349475563	0.0766191184520721
15654.164	-0.684503349475563	0.152750223875046
15655.174	-0.684503349475563	0.114684671163559
15656.186	-0.684503349475563	0.0766191184520721
15657.197	-0.766420504078269	0.0766191184520721
15658.209	-0.684503349475563	0.114684671163559
15659.22	-0.684503349475563	0.152750223875046
15660.23	-0.684503349475563	0.0766191184520721
15661.242	-0.684503349475563	0.0380655489861965
15662.253	-0.602586194872856	0.114684671163559
15663.265	-0.766420504078269	0.114684671163559
15664.276	-0.684503349475563	0.0766191184520721
15665.288	-0.684503349475563	0.190815761685371
15666.298	-0.684503349475563	0.0766191184520721
15667.31	-0.684503349475563	0.0766191184520721
15668.321	-0.766420504078269	0.114684671163559
15669.332	-0.684503349475563	0.0766191184520721
15670.344	-0.766420504078269	0.114684671163559
15671.355	-0.766420504078269	0.0766191184520721
15672.367	-0.766420504078269	0.0766191184520721
15673.378	-0.684503349475563	0.0380655489861965
15674.39	-0.766420504078269	0.114684671163559
15675.401	-0.684503349475563	0.114684671163559
15676.413	-0.684503349475563	0.0766191184520721
15677.424	-0.766420504078269	0.0766191184520721
15678.435	-0.848337658680975	0.114684671163559
15679.447	-0.684503349475563	0.114684671163559
15680.458	-0.848337658680975	0.0766191184520721
15681.47	-0.766420504078269	0.114684671163559
15682.481	-0.766420504078269	0.0766191184520721
15683.493	-0.684503349475563	0.152750223875046
15684.504	-0.848337658680975	0.114684671163559
15685.516	-0.684503349475563	0.114684671163559
15686.526	-0.684503349475563	0.114684671163559
15687.537	-0.684503349475563	0.114684671163559
15688.549	-0.766420504078269	0.0766191184520721
15689.56	-0.766420504078269	0.114684671163559
15690.572	-0.684503349475563	0.0766191184520721
15691.583	-0.684503349475563	0.114684671163559
15692.595	-0.684503349475563	0.114684671163559
15693.606	-0.848337658680975	0.114684671163559
15694.618	-0.766420504078269	0.0766191184520721
15695.629	-0.684503349475563	0.0380655489861965
15696.64	-0.848337658680975	0.0380655489861965
15697.652	-0.766420504078269	0.0766191184520721
15698.663	-0.684503349475563	0.0380655489861965
15699.675	-0.766420504078269	0.114684671163559
15700.686	-0.766420504078269	0.0766191184520721
15701.698	-0.848337658680975	0.0380655489861965
15702.709	-0.684503349475563	0.0766191184520721
15703.72	-0.684503349475563	0.0766191184520721
15704.732	-0.766420504078269	0
15705.742	-0.766420504078269	0.0766191184520721
15706.754	-0.848337658680975	0.0766191184520721
15707.765	-0.766420504078269	0.0766191184520721
15708.777	-0.684503349475563	0
15709.788	-0.684503349475563	0.114684671163559
15710.8	-0.766420504078269	0.0766191184520721
15711.811	-0.684503349475563	0.114684671163559
15712.822	-0.766420504078269	0.0766191184520721
15713.834	-0.848337658680975	0.114684671163559
15714.845	-0.848337658680975	0
15715.857	-0.684503349475563	0.0766191184520721
15716.868	-0.684503349475563	0.114684671163559
15717.88	-0.848337658680975	0.0766191184520721
15718.891	-0.684503349475563	0.0766191184520721
15719.903	-0.684503349475563	0.0766191184520721
15720.913	-0.766420504078269	0.0766191184520721
15721.924	-0.766420504078269	0.0766191184520721
15722.936	-0.766420504078269	0.0380655489861965
15723.948	-0.766420504078269	0.114684671163559
15724.958	-0.848337658680975	0.114684671163559
15725.969	-0.684503349475563	0.152750223875046
15726.982	-0.848337658680975	0.114684671163559
15727.992	-0.930254813283682	0.0766191184520721
15729.005	-0.684503349475563	0.114684671163559
15730.015	-0.848337658680975	0.114684671163559
15731.026	-0.684503349475563	0.152750223875046
15732.038	-0.766420504078269	0.0766191184520721
15733.05	-0.684503349475563	0.114684671163559
15734.061	-0.848337658680975	0.114684671163559
15735.073	-0.848337658680975	0.152750223875046
15736.084	-0.848337658680975	0.0766191184520721
15737.095	-0.684503349475563	0.0766191184520721
15738.108	-0.766420504078269	0.0766191184520721
15739.118	-0.930254813283682	0.0766191184520721
15740.13	-0.848337658680975	0.0380655489861965
15741.142	-0.848337658680975	0.0766191184520721
15742.153	-0.848337658680975	0.0766191184520721
15743.165	-0.684503349475563	0.114684671163559
15744.175	-0.848337658680975	0.114684671163559
15745.186	-0.684503349475563	0.0766191184520721
15746.198	-0.848337658680975	0.0766191184520721
15747.209	-0.766420504078269	0.0380655489861965
15748.221	-0.848337658680975	0.0380655489861965
15749.232	-0.766420504078269	0.0766191184520721
15750.244	-0.766420504078269	0
15751.255	-0.848337658680975	0.114684671163559
15752.267	-0.848337658680975	0.0766191184520721
15753.277	-0.766420504078269	0.0766191184520721
15754.289	-0.848337658680975	0.0766191184520721
15755.3	-0.848337658680975	0.0766191184520721
15756.312	-0.684503349475563	0.0766191184520721
15757.324	-0.848337658680975	0.0766191184520721
15758.334	-0.848337658680975	0.0766191184520721
15759.346	-0.684503349475563	0.0766191184520721
15760.357	-0.848337658680975	0.0766191184520721
15761.37	-0.848337658680975	0.0766191184520721
15762.381	-0.848337658680975	0.0766191184520721
15763.392	-0.848337658680975	0.0766191184520721
15764.402	-0.848337658680975	0.0380655489861965
15765.414	-0.848337658680975	0.0766191184520721
15766.425	-0.766420504078269	0.0766191184520721
15767.436	-0.766420504078269	0.0380655489861965
15768.449	-0.684503349475563	0.0766191184520721
15769.46	-0.848337658680975	0.114684671163559
15770.471	-0.848337658680975	0.0766191184520721
15771.483	-0.848337658680975	0.0766191184520721
15772.495	-0.684503349475563	0.114684671163559
15773.505	-0.848337658680975	0.114684671163559
15774.516	-0.766420504078269	0.0380655489861965
15775.529	-0.848337658680975	0.114684671163559
15776.539	-0.766420504078269	0.0766191184520721
15777.551	-0.766420504078269	0.0766191184520721
15778.563	-0.848337658680975	0.0766191184520721
15779.575	-0.766420504078269	0.0766191184520721
15780.584	-0.930254813283682	0.114684671163559
15781.596	-0.848337658680975	0.114684671163559
15782.607	-0.930254813283682	0.114684671163559
15783.619	-0.766420504078269	0.0766191184520721
15784.629	-0.848337658680975	0.114684671163559
15785.64	-0.848337658680975	0.0766191184520721
15786.653	-0.848337658680975	0.0380655489861965
15787.664	-0.684503349475563	0.0766191184520721
15788.676	-0.848337658680975	0.0766191184520721
15789.687	-0.684503349475563	0.0766191184520721
15790.698	-1.01217196788639	0.152750223875046
15791.709	-0.848337658680975	0.114684671163559
15792.721	-0.684503349475563	0.0766191184520721
15793.732	-0.848337658680975	0.0766191184520721
15794.743	-0.848337658680975	0
15795.755	-0.766420504078269	0.0766191184520721
15796.767	-0.848337658680975	0.0766191184520721
15797.778	-0.848337658680975	0.114684671163559
15798.79	-0.930254813283682	0.0380655489861965
15799.8	-0.930254813283682	0.152750223875046
15800.812	-0.930254813283682	0.0766191184520721
15801.824	-0.848337658680975	0.0766191184520721
15802.836	-0.848337658680975	0.0766191184520721
15803.845	-0.766420504078269	0.0766191184520721
15804.857	-0.930254813283682	0.0380655489861965
15805.868	-0.684503349475563	0.0766191184520721
15806.881	-0.684503349475563	0.0380655489861965
15807.892	-0.848337658680975	0.0766191184520721
15808.903	-0.848337658680975	0.0766191184520721
15809.914	-0.766420504078269	0.114684671163559
15810.925	-0.684503349475563	0.0380655489861965
15811.938	-0.848337658680975	0.0766191184520721
15812.948	-0.684503349475563	0.0766191184520721
15813.961	-0.766420504078269	0.152750223875046
15814.972	-0.602586194872856	0.0380655489861965
15815.983	-0.848337658680975	0.114684671163559
15816.994	-0.684503349475563	0.0766191184520721
15818.005	-0.848337658680975	0.0380655489861965
15819.017	-0.684503349475563	0.114684671163559
15820.028	-0.766420504078269	0.152750223875046
15821.04	-0.848337658680975	0.0766191184520721
15822.051	-0.930254813283682	0.114684671163559
15823.062	-0.930254813283682	0.114684671163559
15824.073	-0.766420504078269	0.114684671163559
15825.084	-0.766420504078269	0.0766191184520721
15826.096	-0.684503349475563	0.114684671163559
15827.107	-0.848337658680975	0.114684671163559
15828.119	-0.684503349475563	0.0380655489861965
15829.13	-0.848337658680975	0.0380655489861965
15830.142	-0.848337658680975	0.0766191184520721
15831.153	-0.684503349475563	0.114684671163559
15832.165	-0.684503349475563	0.0766191184520721
15833.176	-0.766420504078269	0.190815761685371
15834.187	-0.684503349475563	0.0766191184520721
15835.199	-1.01217196788639	0.0766191184520721
15836.21	-0.930254813283682	0.114684671163559
15837.232	-0.602586194872856	0.0766191184520721
15838.233	-0.930254813283682	0.114684671163559
15839.245	-0.766420504078269	0.0766191184520721
15840.255	-0.602586194872856	0.0766191184520721
15841.267	-0.52066904027015	0.0766191184520721
15842.278	-1.01217196788639	0.152750223875046
15843.288	-0.930254813283682	0.190815761685371
15844.3	-0.684503349475563	0.152750223875046
15845.311	-0.684503349475563	0
15846.323	-0.766420504078269	0.0380655489861965
15847.334	-0.684503349475563	0.0766191184520721
15848.346	-0.766420504078269	0.0766191184520721
15849.357	-0.684503349475563	0.114684671163559
15850.369	-0.848337658680975	0.0766191184520721
15851.38	-0.848337658680975	0
15852.391	-0.848337658680975	0.0766191184520721
15853.403	-0.766420504078269	0.0766191184520721
15854.414	-0.848337658680975	0.114684671163559
15855.426	-0.848337658680975	0.114684671163559
15856.437	-0.848337658680975	0.152750223875046
15857.449	-0.848337658680975	0.0766191184520721
15858.46	-0.848337658680975	0.152750223875046
15859.472	-0.848337658680975	0.114684671163559
15860.483	-0.848337658680975	0.190815761685371
15861.494	-0.848337658680975	0.0380655489861965
15862.505	-0.766420504078269	0.0766191184520721
15863.516	-0.602586194872856	0.0766191184520721
15864.528	-0.848337658680975	0.0766191184520721
15865.539	-0.848337658680975	0.0380655489861965
15866.551	-0.684503349475563	0.0766191184520721
15867.562	-0.602586194872856	0
15868.574	-0.684503349475563	0.0380655489861965
15869.585	-0.848337658680975	0.0380655489861965
15870.596	-0.684503349475563	0.0380655489861965
15871.608	-1.01217196788639	0.114684671163559
15872.619	-0.766420504078269	0.190815761685371
15873.631	-0.848337658680975	0.114684671163559
15874.642	-1.0951393051073	0.152750223875046
15875.653	-0.848337658680975	0
15876.665	-0.766420504078269	0.114684671163559
15877.677	-0.930254813283682	0.0380655489861965
15878.688	-0.602586194872856	0
15879.7	-0.684503349475563	0
15880.712	-0.848337658680975	0.0766191184520721
15881.722	-0.930254813283682	0.0766191184520721
15882.734	-0.684503349475563	0.0766191184520721
15883.744	-0.684503349475563	0.0766191184520721
15884.756	-0.848337658680975	0
15885.768	-0.848337658680975	0.0766191184520721
15886.778	-0.848337658680975	0
15887.791	-0.848337658680975	0.0766191184520721
15888.802	-0.684503349475563	0.0766191184520721
15889.813	-0.602586194872856	0.0380655489861965
15890.825	-0.930254813283682	0.0766191184520721
15891.836	-0.766420504078269	0.0380655489861965
15892.847	-0.766420504078269	0.0380655489861965
15893.859	-0.684503349475563	0.0766191184520721
15894.87	-0.684503349475563	0.0766191184520721
15895.881	-0.766420504078269	0.114684671163559
15896.893	-0.766420504078269	0.0766191184520721
15897.905	-0.848337658680975	0.0766191184520721
15898.916	-0.848337658680975	0
15899.928	-0.766420504078269	0.0766191184520721
15900.939	-0.848337658680975	0.0766191184520721
