17600,276    -0,684503349475563    -14,8689889907837
17601,056    15,8070996403694    0
17602,068    6,61767553538084    0,114684671163559
17603,08    3,17190401256084    0,0766191184520721
17604,09    2,10488052107394    0,0380655489861965
17605,102    1,20274175424129    0,0380655489861965
17606,114    0,710188644006848    0,114684671163559
17607,124    0,300602870993316    0,0766191184520721
17608,138    0,0538012063771021    0,0766191184520721
17609,148    -0,110033091914374    0,0766191184520721
17610,16    -0,191950239241123    0,0766191184520721
17611,17    -0,191950239241123    0,114684671163559
17612,182    -0,27386739384383    0,0766191184520721
17613,192    -0,110033091914374    0,0766191184520721
17614,204    -0,355784548446536    0,114684671163559
17615,216    -0,27386739384383    0
17616,228    -0,27386739384383    0,114684671163559
17617,238    -0,27386739384383    0,0766191184520721
17618,25    -0,355784548446536    0,0380655489861965
17619,26    -0,438751914771274    0,0766191184520721
17620,272    -0,27386739384383    0,0766191184520721
17621,284    -0,355784548446536    0,0766191184520721
17622,296    -0,27386739384383    0,0766191184520721
17623,306    -0,355784548446536    0,114684671163559
17624,318    -0,355784548446536    0,0380655489861965
17625,33    -0,27386739384383    0,0766191184520721
17626,342    -0,52066904027015    0,0766191184520721
17627,352    -0,27386739384383    0,0380655489861965
17628,364    -0,27386739384383    0,114684671163559
17629,376    -0,355784548446536    0,0766191184520721
17630,386    -0,438751914771274    0,0380655489861965
17631,398    -0,438751914771274    0,114684671163559
17632,41    -0,438751914771274    0,0766191184520721
17633,422    -0,684503349475563    0,114684671163559
17634,432    -0,355784548446536    0,0766191184520721
17635,444    -0,602586194872856    0,0766191184520721
17636,456    -0,355784548446536    0
17637,468    -0,602586194872856    0,114684671163559
17638,478    -0,602586194872856    0,0380655489861965
17639,488    -0,438751914771274    0,0380655489861965
17640,5    -0,52066904027015    0,0380655489861965
17641,51    -0,602586194872856    0,0380655489861965
17642,522    -0,52066904027015    0,0766191184520721
17643,534    -0,438751914771274    0,0766191184520721
17644,546    -0,602586194872856    0,0766191184520721
17645,556    -0,52066904027015    0,0766191184520721
17646,568    -0,438751914771274    0,0380655489861965
17647,58    -0,52066904027015    0,0766191184520721
17648,59    -0,602586194872856    0,0766191184520721
17649,602    -0,684503349475563    0,114684671163559
17650,614    -0,52066904027015    0,0766191184520721
17651,624    -0,52066904027015    0,0766191184520721
17652,636    -0,438751914771274    0,0766191184520721
17653,648    -0,52066904027015    0,0766191184520721
17654,658    -0,438751914771274    0,0766191184520721
17655,67    -0,602586194872856    0,0766191184520721
17656,682    -0,602586194872856    0,0766191184520721
17657,692    -0,602586194872856    0,0766191184520721
17658,704    -0,602586194872856    0,0766191184520721
17659,716    -0,438751914771274    0,114684671163559
17660,728    -0,602586194872856    0
17661,738    -0,602586194872856    0,0766191184520721
17662,75    -0,602586194872856    0,190815761685371
17663,762    -0,438751914771274    0,0380655489861965
17664,772    -0,602586194872856    0,0380655489861965
17665,784    -0,52066904027015    0,0766191184520721
17666,796    -0,52066904027015    0,0766191184520721
17667,808    -0,52066904027015    0,114684671163559
17668,818    -0,602586194872856    0,0380655489861965
17669,83    -0,602586194872856    0,0766191184520721
17670,842    -0,602586194872856    0,0766191184520721
17671,852    -0,52066904027015    0,0766191184520721
17672,864    -0,602586194872856    0,0766191184520721
17673,876    -0,602586194872856    0,0766191184520721
17674,888    -0,52066904027015    0,0380655489861965
17675,898    -0,602586194872856    0,0766191184520721
17676,91    -0,684503349475563    0,0380655489861965
17677,92    -0,602586194872856    0,0766191184520721
17678,934    -0,684503349475563    0,0766191184520721
17679,944    -0,602586194872856    0,0766191184520721
17680,954    -0,684503349475563    0,0766191184520721
17681,966    -0,684503349475563    0,0766191184520721
17682,978    -0,52066904027015    0,0766191184520721
17683,99    -0,602586194872856    0,0766191184520721
17685    -0,602586194872856    0,114684671163559
17686,012    -0,602586194872856    0,114684671163559
17687,024    -0,191950239241123    0,0766191184520721
17688,036    -0,438751914771274    0,0766191184520721
17689,046    -0,602586194872856    0,0766191184520721
17690,056    -0,602586194872856    0,0766191184520721
17691,068    -0,684503349475563    0,0380655489861965
17692,08    -0,602586194872856    0,0766191184520721
17693,092    -0,684503349475563    0,0766191184520721
17694,102    -0,602586194872856    0,0766191184520721
17695,114    -0,602586194872856    0,0766191184520721
17696,126    -0,602586194872856    0,0766191184520721
17697,138    -0,52066904027015    0,0766191184520721
17698,148    -0,602586194872856    0,0766191184520721
17699,16    -0,602586194872856    0,0380655489861965
17700,17    -0,602586194872856    0,0766191184520721
17701,182    -0,355784548446536    0,0380655489861965
17702,194    -0,602586194872856    0,0766191184520721
17703,204    -0,602586194872856    0,114684671163559
17704,216    -0,52066904027015    0,114684671163559
17705,228    -0,684503349475563    0,0766191184520721
17706,238    -0,602586194872856    0
