19830,854    -0,766420504078269    -22,4942989349365
19831,26    36,6476587951183    0,0766191184520721
19832,27    11,4591894671321    0,0766191184520721
19833,282    6,12617237493396    0
19834,292    3,08998697437346    0,0380655489861965
19835,304    2,26976512931287    0,0766191184520721
19836,316    1,44849321804941    0,0766191184520721
19837,328    0,792105798609555    0,114684671163559
19838,338    0,628271489404142    0
19839,35    0,300602870993316    0,0766191184520721
19840,362    0,217635504668579    0,0766191184520721
19841,374    0,0538012063771021    0
19842,384    -0,0281159445876256    0,0766191184520721
19843,396    0,0538012063771021    0,0766191184520721
19844,408    -0,191950239241123    0,0380655489861965
19845,418    -0,191950239241123    0,0766191184520721
19846,43    -0,110033091914374    0
19847,44    -0,191950239241123    0,0380655489861965
19848,452    -0,27386739384383    0,0766191184520721
19849,464    -0,27386739384383    0,0766191184520721
19850,474    -0,191950239241123    0,0766191184520721
19851,488    -0,27386739384383    0,0766191184520721
19852,498    -0,191950239241123    0,114684671163559
19853,51    -0,355784548446536    0,0766191184520721
19854,52    -0,191950239241123    0,0766191184520721
19855,532    -0,355784548446536    0,0766191184520721
19856,544    -0,27386739384383    0,114684671163559
19857,556    -0,355784548446536    0,0380655489861965
19858,566    -0,27386739384383    0,0380655489861965
19859,578    -0,27386739384383    0,0766191184520721
19860,588    -0,355784548446536    0,0380655489861965
19861,6    -0,355784548446536    0,114684671163559
19862,612    -0,27386739384383    0,0766191184520721
19863,622    -0,27386739384383    0,114684671163559
19864,634    -0,438751914771274    0,0766191184520721
19865,646    -0,355784548446536    0,0766191184520721
19866,656    -0,27386739384383    0,114684671163559
19867,668    -0,438751914771274    0,0766191184520721
19868,678    -0,438751914771274    0,0766191184520721
19869,69    -0,355784548446536    0,0766191184520721
19870,702    -0,438751914771274    0,0766191184520721
19871,714    -0,438751914771274    0,0380655489861965
19872,726    -0,438751914771274    0,0766191184520721
19873,736    -0,27386739384383    0,0766191184520721
19874,748    -0,438751914771274    0,0766191184520721
19875,758    -0,355784548446536    0,0766191184520721
19876,77    -0,438751914771274    0,0766191184520721
19877,782    -0,438751914771274    0,0766191184520721
19878,794    -0,438751914771274    0,0766191184520721
19879,804    -0,27386739384383    0,0766191184520721
19880,816    -0,438751914771274    0
19881,828    -0,438751914771274    0,114684671163559
19882,84    -0,355784548446536    0,114684671163559
19883,85    -0,602586194872856    0,0380655489861965
19884,862    -0,438751914771274    0
19885,874    -0,438751914771274    0,0766191184520721
19886,884    -0,355784548446536    0,0380655489861965
19887,896    -0,438751914771274    0,0766191184520721
19888,906    -0,438751914771274    0,114684671163559
19889,918    -0,602586194872856    0,0766191184520721
19890,93    -0,438751914771274    0,114684671163559
19891,942    -0,438751914771274    0,0380655489861965
19892,952    -0,438751914771274    0,114684671163559
19893,964    -0,602586194872856    0,0766191184520721
19894,976    -0,602586194872856    0,0766191184520721
19895,986    -0,52066904027015    0,0766191184520721
19896,998    -0,602586194872856    0
19898,01    -0,602586194872856    0,0380655489861965
19899,02    -0,438751914771274    0,0380655489861965
19900,032    -0,602586194872856    0,0766191184520721
19901,044    -0,438751914771274    0,0380655489861965
19902,056    -0,602586194872856    0,152750223875046
19903,066    -0,438751914771274    0,0766191184520721
19904,078    -0,602586194872856    0,114684671163559
19905,088    -0,52066904027015    0,0766191184520721
19906,1    -0,438751914771274    0,0766191184520721
19907,112    -0,602586194872856    0,114684671163559
19908,122    -0,438751914771274    0,114684671163559
19909,134    -0,602586194872856    0,114684671163559
19910,146    -0,438751914771274    0,0766191184520721
19911,158    -0,52066904027015    0,114684671163559
19912,168    -0,602586194872856    0,114684671163559
19913,18    -0,52066904027015    0,0766191184520721
19914,192    -0,52066904027015    0,0766191184520721
19915,204    -0,52066904027015    0,114684671163559
19916,214    -0,602586194872856    0,0766191184520721
19917,226    -0,52066904027015    0,114684671163559
19918,238    -0,438751914771274    0,0766191184520721
19919,248    -0,438751914771274    0,0766191184520721
19920,26    -0,438751914771274    0,0766191184520721
19921,27    -0,602586194872856    0,0766191184520721
19922,282    -0,52066904027015    0,0766191184520721
19923,294    -0,602586194872856    0
19924,304    -0,438751914771274    0,152750223875046
19925,316    -0,602586194872856    0,114684671163559
19926,326    -0,602586194872856    0,0766191184520721
19927,338    -0,602586194872856    0,0766191184520721
19928,35    -0,438751914771274    0
19929,362    -0,602586194872856    0,0766191184520721
19930,372    -0,52066904027015    0,114684671163559
19931,384    -0,684503349475563    0,0766191184520721
19932,396    -0,27386739384383    0,0766191184520721
19933,406    -0,438751914771274    0,0766191184520721
19934,418    -0,602586194872856    0,0380655489861965
19935,43    -0,602586194872856    0,114684671163559
19936,442    -0,52066904027015    0,0766191184520721
19937,452    -0,602586194872856    0,0766191184520721
19938,464    -0,52066904027015    0,114684671163559
19939,476    -0,52066904027015    0,0766191184520721
19940,488    -0,602586194872856    0,0766191184520721
19941,498    -0,602586194872856    0,114684671163559
19942,51    -0,52066904027015    0,114684671163559
19943,52    -0,602586194872856    0,114684671163559
19944,534    -0,602586194872856    0,152750223875046
19945,544    -0,438751914771274    0,0766191184520721
19946,554    -0,52066904027015    0,0766191184520721
19947,566    -0,602586194872856    0,0766191184520721
19948,578    -0,52066904027015    0,152750223875046
19949,59    -0,684503349475563    0,0380655489861965
19950,6    -0,52066904027015    0,152750223875046
19951,612    -0,602586194872856    0,114684671163559
19952,624    -0,602586194872856    0,114684671163559
19953,634    -0,602586194872856    0,0766191184520721
19954,646    -0,602586194872856    0,0766191184520721
19955,658    -0,602586194872856    0,114684671163559
19956,67    -0,602586194872856    0,0766191184520721
19957,68    -0,602586194872856    0,0380655489861965
19958,692    -0,602586194872856    0,114684671163559
19959,704    -0,684503349475563    0,0380655489861965
19960,714    -0,52066904027015    0,0766191184520721
19961,726    -0,684503349475563    0,0766191184520721
19962,738    -0,602586194872856    0,0766191184520721
19963,748    -0,602586194872856    0,0766191184520721
19964,76    -0,52066904027015    0,0380655489861965
19965,772    -0,684503349475563    0,0766191184520721
19966,782    -0,766420504078269    0,114684671163559
19967,794    -0,684503349475563    0,0766191184520721
19968,806    -0,602586194872856    0,114684671163559
19969,816    -0,602586194872856    0,0766191184520721
19970,828    -0,602586194872856    0,0766191184520721
19971,84    -0,52066904027015    0,152750223875046
19972,852    -0,602586194872856    0,0766191184520721
19973,862    -0,602586194872856    0,152750223875046
19974,876    -0,602586194872856    0,0766191184520721
19975,886    -0,684503349475563    0,0766191184520721
19976,898    -0,602586194872856    0,114684671163559
19977,908    -0,766420504078269    0,0766191184520721
19978,92    -0,602586194872856    0,0766191184520721
19979,932    -0,684503349475563    0,0766191184520721
19980,942    -0,602586194872856    0,0766191184520721
19981,954    -0,602586194872856    0,0380655489861965
19982,964    -0,602586194872856    0
19983,976    -0,602586194872856    0,0766191184520721
19984,986    -0,602586194872856    0,0380655489861965
19985,998    -0,684503349475563    0,114684671163559
19987,01    -0,602586194872856    0,0766191184520721
19988,02    -0,684503349475563    0,0766191184520721
19989,032    -0,684503349475563    0,0766191184520721
19990,044    -0,684503349475563    0,0766191184520721
19991,056    -0,684503349475563    0,114684671163559
19992,068    -0,684503349475563    0,114684671163559
19993,078    -0,602586194872856    0,0380655489861965
19994,09    -0,602586194872856    0,0766191184520721
19995,1    -0,602586194872856    0,0380655489861965
19996,112    -0,684503349475563    0,0766191184520721
19997,124    -0,602586194872856    0,0766191184520721
19998,136    -0,684503349475563    0,0766191184520721
19999,156    -0,602586194872856    0,0766191184520721
20000,16    -0,684503349475563    0,0766191184520721
20001,17    -0,602586194872856    0,0766191184520721
20002,182    -0,684503349475563    0,114684671163559
20003,192    -0,602586194872856    0,114684671163559
20004,204    -0,602586194872856    0,114684671163559
20005,214    -0,602586194872856    0,0766191184520721
20006,236    -0,602586194872856    0,0766191184520721
20007,238    -0,602586194872856    0,0766191184520721
20008,248    -0,602586194872856    0,114684671163559
20009,26    -0,602586194872856    0
20010,272    -0,684503349475563    0
20011,284    -0,602586194872856    0,0766191184520721
20012,294    -0,602586194872856    0,114684671163559
20013,31    -0,602586194872856    0,114684671163559
20014,318    -0,684503349475563    0,0766191184520721
20015,328    -0,602586194872856    0,0766191184520721
20016,342    -0,684503349475563    0,0766191184520721
20017,352    -0,52066904027015    0,0766191184520721
20018,364    -0,684503349475563    0,0766191184520721
20019,374    -0,684503349475563    0
20020,386    -0,684503349475563    0,0766191184520721
20021,398    -0,602586194872856    0
20022,408    -0,684503349475563    0,0380655489861965
20023,42    -0,602586194872856    0,0380655489861965
20024,43    -0,602586194872856    0,0766191184520721
20025,442    -0,684503349475563    0,114684671163559
20026,454    -0,684503349475563    0,114684671163559
20027,466    -0,602586194872856    0,0766191184520721
20028,478    -0,602586194872856    0,114684671163559
20029,488    -0,684503349475563    0
20030,5    -0,602586194872856    0,114684671163559
20031,51    -0,684503349475563    0
20032,522    -0,602586194872856    0,114684671163559
20033,534    -0,684503349475563    0,0766191184520721
20034,546    -0,602586194872856    0,0766191184520721
20035,556    -0,602586194872856    0,0766191184520721
20036,568    -0,684503349475563    0,0380655489861965
20037,58    -0,684503349475563    0,0766191184520721
20038,59    -0,684503349475563    0,0380655489861965
20039,602    -0,684503349475563    0,0766191184520721
20040,612    -0,602586194872856    0,0766191184520721
20041,624    -0,602586194872856    0,0766191184520721
20042,636    -0,684503349475563    0,114684671163559
20043,648    -0,684503349475563    0,0766191184520721
20044,658    -0,602586194872856    0,0766191184520721
20045,67    -0,602586194872856    0,0766191184520721
20046,68    -0,684503349475563    0,0766191184520721
20047,692    -0,766420504078269    0,0766191184520721
20048,704    -0,684503349475563    0,114684671163559
20049,714    -0,684503349475563    0
20050,726    -0,684503349475563    0
20051,738    -0,684503349475563    0,0766191184520721
20052,75    -0,684503349475563    0,0766191184520721
20053,76    -0,684503349475563    0,0380655489861965
20054,772    -0,602586194872856    0,0766191184520721
20055,784    -0,684503349475563    0,0380655489861965
20056,794    -0,684503349475563    0,0766191184520721
20057,806    -0,602586194872856    0,0766191184520721
20058,818    -0,602586194872856    0,114684671163559
20059,83    -0,684503349475563    0
20060,84    -0,602586194872856    0,0380655489861965
20061,852    -0,684503349475563    0,114684671163559
20062,862    -0,684503349475563    0,0766191184520721
20063,874    -0,684503349475563    0,114684671163559
20064,886    -0,684503349475563    0,0766191184520721
20065,896    -0,684503349475563    0,0766191184520721
20066,908    -0,684503349475563    0
20067,92    -0,684503349475563    0,0766191184520721
20068,932    -0,684503349475563    0
20069,942    -0,684503349475563    0,0766191184520721
20070,954    -0,684503349475563    0
20071,966    -0,602586194872856    0
20072,976    -0,684503349475563    0,0380655489861965
20073,988    -0,766420504078269    0
20075    -0,684503349475563    0,0380655489861965
20076,012    -0,848337658680975    0,0766191184520721
20077,022    -0,684503349475563    0,0766191184520721
20078,034    -0,684503349475563    0,0766191184520721
20079,046    -0,684503349475563    0,0380655489861965
20080,058    -0,602586194872856    0,0766191184520721
20081,068    -0,684503349475563    0
20082,078    -0,684503349475563    0
20083,09    -0,684503349475563    0,0766191184520721
20084,102    -0,602586194872856    0,0766191184520721
20085,114    -0,602586194872856    0,0380655489861965
20086,124    -0,684503349475563    0,0380655489861965
20087,136    -0,684503349475563    0,114684671163559
20088,148    -0,684503349475563    0,0766191184520721
20089,158    -0,684503349475563    0,0766191184520721
20090,17    -0,602586194872856    0,0380655489861965
20091,182    -0,684503349475563    0,0766191184520721
20092,194    -0,684503349475563    0,0766191184520721
20093,204    -0,684503349475563    0,0766191184520721
20094,216    -0,602586194872856    0,0766191184520721
20095,228    -0,684503349475563    0,0766191184520721
20096,24    -0,602586194872856    0,0766191184520721
20097,25    -0,684503349475563    0,0380655489861965
20098,262    -0,766420504078269    0,0766191184520721
20099,274    -0,602586194872856    0,114684671163559
20100,284    -0,602586194872856    0
20101,294    -0,684503349475563    0,0380655489861965
20102,306    -0,766420504078269    0,0766191184520721
20103,318    -0,684503349475563    0,0766191184520721
20104,328    -0,684503349475563    0,0766191184520721
20105,34    -0,602586194872856    0,0766191184520721
20106,352    -0,684503349475563    0,0380655489861965
20107,362    -0,684503349475563    0,0766191184520721
20108,374    -0,602586194872856    0,0766191184520721
20109,386    -0,602586194872856    0,0766191184520721
20110,398    -0,684503349475563    0,114684671163559
20111,408    -0,684503349475563    0,0766191184520721
20112,422    -0,848337658680975    0,0766191184520721
20113,432    -0,684503349475563    0,0380655489861965
20114,444    -0,684503349475563    0,0766191184520721
20115,456    -0,684503349475563    0,114684671163559
20116,466    -0,684503349475563    0,0380655489861965
20117,478    -0,684503349475563    -0,0380655489861965
20118,49    -0,684503349475563    0
20119,5    -0,602586194872856    0,0766191184520721
20120,512    -0,684503349475563    0,0380655489861965
20121,522    -0,684503349475563    0,0380655489861965
20122,534    -0,684503349475563    0,0766191184520721
20123,544    -0,684503349475563    0
20124,556    -0,684503349475563    0,0380655489861965
20125,568    -0,684503349475563    0,0766191184520721
20126,58    -0,684503349475563    0,0380655489861965
20127,59    -0,684503349475563    0,114684671163559
20128,604    -0,684503349475563    0,0766191184520721
20129,674    -0,684503349475563    0,0766191184520721
20130,626    -0,684503349475563    0,0766191184520721
20131,638    -0,684503349475563    0,0766191184520721
20132,648    -0,684503349475563    0
20133,66    -0,684503349475563    0,0380655489861965
