3000,858    -0,684503349475563    -17,0040760040283
3001,777    14,9868773296475    0,0766191184520721
3002,787    5,87937096133828    0,0766191184520721
3003,799    2,76126805692911    0,114684671163559
3004,811    1,61337770987302    0,152750223875046
3005,822    0,956990290433168    0,0766191184520721
3006,834    0,464437180198729    0,0766191184520721
3007,846    0,300602870993316    0,114684671163559
3008,856    0,135718350065872    0,0766191184520721
3009,868    -0,0281159445876256    0,0766191184520721
3010,879    -0,0281159445876256    0,114684671163559
3011,89    -0,191950239241123    0,0766191184520721
3012,902    -0,191950239241123    0,0766191184520721
3013,914    -0,27386739384383    0,190815761685371
3014,925    -0,27386739384383    0,114684671163559
3015,936    -0,27386739384383    0,114684671163559
3016,948    -0,191950239241123    0,0766191184520721
3017,958    -0,27386739384383    0,114684671163559
3018,971    -0,27386739384383    0,114684671163559
3019,981    -0,438751914771274    0,0766191184520721
3020,993    -0,438751914771274    0,0380655489861965
3022,005    -0,27386739384383    0,114684671163559
3023,015    -0,355784548446536    0
3024,027    -0,438751914771274    0,0766191184520721
3025,039    -0,27386739384383    0,114684671163559
3026,05    -0,438751914771274    0
3027,062    -0,438751914771274    0,0380655489861965
3028,072    -0,355784548446536    0,0766191184520721
3029,085    -0,438751914771274    0
3030,095    -0,438751914771274    0,114684671163559
3031,107    -0,438751914771274    0,114684671163559
3032,119    -0,438751914771274    0,114684671163559
3033,131    -0,52066904027015    0,114684671163559
3034,14    -0,438751914771274    0
3035,153    -0,438751914771274    0,0766191184520721
3036,163    -0,438751914771274    0,0766191184520721
3037,174    -0,438751914771274    0,0766191184520721
3038,187    -0,438751914771274    0,0380655489861965
3039,198    -0,438751914771274    0,0766191184520721
3040,209    -0,602586194872856    0
3041,22    -0,602586194872856    0,0766191184520721
3042,233    -0,602586194872856    0,0380655489861965
3043,243    -0,602586194872856    0,114684671163559
3044,255    -0,52066904027015    0,0766191184520721
3045,267    -0,602586194872856    0,0766191184520721
3046,278    -0,438751914771274    0,0766191184520721
3047,29    -0,684503349475563    0,0766191184520721
3048,3    -0,602586194872856    0,0766191184520721
3049,312    -0,52066904027015    0,0380655489861965
3050,324    -0,602586194872856    0,114684671163559
3051,335    -0,438751914771274    0,0766191184520721
3052,346    -0,602586194872856    0,0766191184520721
3053,358    -0,52066904027015    0,114684671163559
3054,368    -0,52066904027015    0,0766191184520721
3055,379    -0,438751914771274    0,0766191184520721
3056,391    -0,602586194872856    0,0766191184520721
3057,402    -0,438751914771274    0,0380655489861965
3058,415    -0,438751914771274    0,0766191184520721
3059,426    -0,602586194872856    0,0766191184520721
3060,437    -0,602586194872856    0,114684671163559
3061,447    -0,602586194872856    0,114684671163559
3062,46    -0,52066904027015    0,114684671163559
3063,471    -0,684503349475563    0,114684671163559
3064,481    -0,684503349475563    0,0766191184520721
3065,494    -0,684503349475563    0,0766191184520721
3066,504    -0,684503349475563    0,114684671163559
3067,517    -0,602586194872856    0,0766191184520721
3068,527    -0,602586194872856    0,152750223875046
3069,539    -0,602586194872856    0,0766191184520721
3070,55    -0,602586194872856    0,0766191184520721
3071,562    -0,438751914771274    0,0766191184520721
3072,573    -0,766420504078269    0,152750223875046
3073,584    -0,602586194872856    0,0766191184520721
3074,595    -0,602586194872856    0,114684671163559
3075,607    -0,602586194872856    0,114684671163559
3076,618    -0,602586194872856    0,0766191184520721
3077,63    -0,602586194872856    0,114684671163559
3078,642    -0,684503349475563    0,0766191184520721
3079,652    -0,602586194872856    0,0766191184520721
3080,664    -0,684503349475563    0,114684671163559
3081,675    -0,602586194872856    0,0380655489861965
3082,686    -0,52066904027015    0,0766191184520721
3083,699    -0,602586194872856    0,114684671163559
3084,709    -0,684503349475563    0,114684671163559
3085,721    -0,52066904027015    0,0766191184520721
3086,732    -0,602586194872856    0,114684671163559
3087,744    -0,602586194872856    0,114684671163559
3088,755    -0,52066904027015    0,0766191184520721
3089,766    -0,602586194872856    0,152750223875046
3090,778    -0,602586194872856    0,114684671163559
3091,789    -0,602586194872856    0,0766191184520721
3092,801    -0,602586194872856    0,0766191184520721
3093,811    -0,602586194872856    0,0766191184520721
3094,823    -0,602586194872856    0,114684671163559
3095,834    -0,438751914771274    0,0766191184520721
3096,846    -0,684503349475563    0,152750223875046
3097,857    -0,438751914771274    0,0380655489861965
3098,868    -0,684503349475563    0,0766191184520721
3099,88    -0,438751914771274    0,0766191184520721
3100,891    -0,602586194872856    0,0766191184520721
3101,903    -0,602586194872856    0,0766191184520721
3102,914    -0,602586194872856    0,0380655489861965
3103,926    -0,602586194872856    0,0380655489861965
3104,937    -0,52066904027015    0,0380655489861965
3105,949    -0,602586194872856    0,0380655489861965
3106,96    -0,602586194872856    0,114684671163559
3107,971    -0,684503349475563    0,0766191184520721
3108,983    -0,602586194872856    0,114684671163559
3109,994    -0,52066904027015    0,0766191184520721
3111,006    -0,602586194872856    0,0380655489861965
3112,017    -0,602586194872856    0,0766191184520721
3113,028    -0,602586194872856    0,0380655489861965
3114,039    -0,438751914771274    0,0380655489861965
3115,051    -0,602586194872856    0,0766191184520721
3116,062    -0,602586194872856    0,114684671163559
3117,073    -0,52066904027015    0,0380655489861965
3118,085    -0,438751914771274    0,0766191184520721
3119,096    -0,684503349475563    0,0766191184520721
3120,107    -0,602586194872856    0,0766191184520721
3121,118    -0,766420504078269    0,0766191184520721
3122,13    -0,438751914771274    0,0766191184520721
3123,141    -0,602586194872856    0,0766191184520721
3124,153    -0,438751914771274    0,0380655489861965
3125,164    -0,766420504078269    0,114684671163559
3126,175    -0,602586194872856    0,114684671163559
3127,187    -0,602586194872856    0,0766191184520721
3128,198    -0,684503349475563    0,114684671163559
3129,21    -0,602586194872856    0,114684671163559
3130,221    -0,684503349475563    0,114684671163559
3131,233    -0,438751914771274    0,114684671163559
3132,243    -0,52066904027015    0,114684671163559
3133,254    -0,602586194872856    0,0766191184520721
3134,266    -0,602586194872856    0,0766191184520721
3135,277    -0,602586194872856    0,152750223875046
3136,289    -0,684503349475563    0,0766191184520721
3137,3    -0,684503349475563    0,152750223875046
3138,312    -0,602586194872856    0,114684671163559
3139,323    -0,602586194872856    0,0766191184520721
3140,335    -0,602586194872856    0,0766191184520721
3141,346    -0,684503349475563    0,114684671163559
3142,357    -0,602586194872856    0,0766191184520721
3143,369    -0,438751914771274    0,114684671163559
3144,38    -0,602586194872856    0,0766191184520721
3145,392    -0,438751914771274    0,0380655489861965
3146,403    -0,52066904027015    0,0380655489861965
3147,415    -0,602586194872856    0,0766191184520721
3148,426    -0,602586194872856    0,0380655489861965
3149,438    -0,602586194872856    0,0766191184520721
3150,449    -0,602586194872856    0,0766191184520721
3151,461    -0,684503349475563    0,152750223875046
3152,472    -0,766420504078269    0,0766191184520721
3153,483    -0,684503349475563    0,0380655489861965
3154,494    -0,684503349475563    0,114684671163559
3155,506    -0,684503349475563    0,0766191184520721
3156,517    -0,602586194872856    0,152750223875046
3157,529    -0,602586194872856    0,0380655489861965
3158,54    -0,684503349475563    0,114684671163559
3159,552    -0,52066904027015    0,114684671163559
3160,563    -0,684503349475563    0,0380655489861965
3161,574    -0,602586194872856    0,0766191184520721
3162,585    -0,602586194872856    0,0380655489861965
3163,598    -0,602586194872856    0,114684671163559
3164,609    -0,684503349475563    0,0766191184520721
3165,62    -0,602586194872856    0,0766191184520721
3166,632    -0,602586194872856    0,0766191184520721
3167,643    -0,766420504078269    0,114684671163559
3168,654    -0,684503349475563    0,0380655489861965
3169,665    -0,684503349475563    0,114684671163559
3170,677    -0,684503349475563    0,114684671163559
3171,687    -0,684503349475563    0,0766191184520721
3172,7    -0,684503349475563    0,114684671163559
3173,71    -0,684503349475563    0,114684671163559
3174,722    -0,766420504078269    0,152750223875046
3175,734    -0,602586194872856    0,0766191184520721
3176,744    -0,684503349475563    0,0766191184520721
3177,757    -0,684503349475563    0,114684671163559
3178,768    -0,684503349475563    0,114684671163559
3179,779    -0,602586194872856    0,0380655489861965
3180,789    -0,766420504078269    0,152750223875046
3181,802    -0,766420504078269    0,0766191184520721
3182,812    -0,684503349475563    0,0766191184520721
3183,825    -0,602586194872856    0,114684671163559
3184,835    -0,766420504078269    0,0766191184520721
3185,846    -0,684503349475563    0,114684671163559
3186,858    -0,848337658680975    0,114684671163559
3187,87    -0,684503349475563    0,0766191184520721
3188,882    -0,684503349475563    0,0766191184520721
3189,893    -0,684503349475563    0,0766191184520721
3190,905    -0,684503349475563    0,0380655489861965
3191,914    -0,52066904027015    0,114684671163559
3192,927    -0,52066904027015    0,0766191184520721
3193,937    -0,684503349475563    0,114684671163559
3194,949    -0,684503349475563    0,114684671163559
3195,96    -0,848337658680975    0,152750223875046
3196,971    -0,602586194872856    0,0766191184520721
3197,983    -0,602586194872856    0
3198,994    -0,52066904027015    0,0766191184520721
3200,006    -0,602586194872856    0,0766191184520721
3201,018    -0,684503349475563    0,152750223875046
3202,03    -0,766420504078269    0,114684671163559
3203,041    -0,684503349475563    0,114684671163559
3204,051    -0,684503349475563    0,114684671163559
3205,064    -0,602586194872856    0,152750223875046
3206,074    -0,684503349475563    0,114684671163559
3207,086    -0,684503349475563    0,0766191184520721
3208,097    -0,766420504078269    0,114684671163559
3209,11    -0,52066904027015    0,114684671163559
3210,121    -0,684503349475563    0,152750223875046
3211,131    -0,684503349475563    0,0380655489861965
3212,142    -0,684503349475563    0,0766191184520721
3213,154    -0,684503349475563    0,114684671163559
3214,165    -0,602586194872856    0,114684671163559
3215,177    -0,684503349475563    0,114684671163559
3216,189    -0,602586194872856    0,0766191184520721
3217,199    -0,684503349475563    0,114684671163559
3218,211    -0,684503349475563    0,0380655489861965
3219,222    -0,52066904027015    0,0380655489861965
3220,234    -0,602586194872856    0,114684671163559
3221,245    -0,684503349475563    0,0766191184520721
3222,256    -0,602586194872856    0,0766191184520721
3223,268    -0,602586194872856    0,0766191184520721
3224,279    -0,602586194872856    0,152750223875046
3225,291    -0,684503349475563    0,152750223875046
3226,303    -0,602586194872856    0,152750223875046
3227,314    -0,766420504078269    0,0766191184520721
3228,326    -0,602586194872856    0,114684671163559
3229,338    -0,684503349475563    0,114684671163559
3230,348    -0,684503349475563    0,0766191184520721
3231,358    -0,684503349475563    0,0766191184520721
3232,371    -0,438751914771274    0,114684671163559
3233,381    -0,684503349475563    0,114684671163559
3234,393    -0,684503349475563    0,152750223875046
3235,405    -0,602586194872856    0,114684671163559
3236,417    -0,684503349475563    0,0766191184520721
3237,427    -0,52066904027015    0,0380655489861965
3238,439    -0,52066904027015    0,0380655489861965
3239,451    -0,766420504078269    0,114684671163559
3240,461    -0,684503349475563    0,114684671163559
3241,472    -0,602586194872856    0,114684671163559
3242,483    -0,684503349475563    0,0380655489861965
3243,495    -0,684503349475563    0,114684671163559
3244,506    -0,684503349475563    0,0766191184520721
3245,518    -0,684503349475563    0,0380655489861965
3246,529    -0,602586194872856    0,0766191184520721
3247,54    -0,602586194872856    0,114684671163559
3248,552    -0,602586194872856    0,114684671163559
3249,563    -0,684503349475563    0,190815761685371
3250,574    -0,848337658680975    0,114684671163559
3251,585    -0,602586194872856    0,114684671163559
3252,597    -0,766420504078269    0,152750223875046
3253,608    -0,684503349475563    0,114684671163559
3254,62    -0,602586194872856    0,0380655489861965
3255,631    -0,602586194872856    0,0766191184520721
3256,642    -0,438751914771274    0
3257,654    -0,684503349475563    0,114684671163559
3258,665    -0,52066904027015    0,114684671163559
3259,677    -0,684503349475563    0,114684671163559
3260,688    -0,438751914771274    0,0766191184520721
3261,7    -0,766420504078269    0,114684671163559
3262,711    -0,930254813283682    0,190815761685371
3263,723    -0,602586194872856    0,0766191184520721
3264,734    -0,766420504078269    0,114684671163559
3265,745    -0,52066904027015    0,0380655489861965
3266,757    -0,602586194872856    0,0380655489861965
3267,768    -0,766420504078269    0,152750223875046
3268,78    -0,602586194872856    0,114684671163559
3269,79    -0,766420504078269    0,190815761685371
3270,801    -0,602586194872856    0
3271,813    -0,602586194872856    0,0766191184520721
3272,825    -0,602586194872856    0,114684671163559
3273,836    -0,602586194872856    0,0766191184520721
3274,847    -0,684503349475563    0,114684671163559
3275,859    -0,602586194872856    0,114684671163559
3276,87    -0,602586194872856    0,0766191184520721
3277,882    -0,27386739384383    0,0766191184520721
3278,893    -0,602586194872856    0,0766191184520721
3279,905    -0,684503349475563    0,0766191184520721
3280,916    -0,684503349475563    0,0766191184520721
3281,927    -0,52066904027015    0
3282,939    -0,602586194872856    0,114684671163559
3283,95    -0,438751914771274    0,114684671163559
3284,962    -0,27386739384383    -0,0380655489861965
3285,973    -0,684503349475563    0,0766191184520721
3286,985    -0,766420504078269    0,114684671163559
3287,996    -0,684503349475563    0,0766191184520721
3289,008    -0,684503349475563    0,0380655489861965
3290,018    -0,602586194872856    0,0380655489861965
3291,029    -0,52066904027015    0,0766191184520721
3292,041    -0,684503349475563    0,0766191184520721
3293,052    -0,684503349475563    0
3294,064    -0,52066904027015    0,0380655489861965
3295,075    -0,684503349475563    0,0766191184520721
3296,087    -0,52066904027015    0,114684671163559
3297,098    -0,766420504078269    0,114684671163559
3298,11    -0,602586194872856    0,0766191184520721
3299,121    -0,684503349475563    0,0380655489861965
3300,131    -0,602586194872856    0,0766191184520721
