5100.708	-0.848337658680975	-15.4409484863281
5101.403	19.0071184188128	0
5102.415	6.94639421999454	0.114684671163559
5103.426	3.17190401256084	0.0766191184520721
5104.438	2.02296348288655	0.0766191184520721
5105.45	0.956990290433168	0.0766191184520721
5106.461	0.628271489404142	0.0766191184520721
5107.472	0.300602870993316	0.0766191184520721
5108.483	0.0538012063771021	0.0766191184520721
5109.494	0.0538012063771021	0.0380655489861965
5110.506	0.0538012063771021	0.0380655489861965
5111.517	-0.191950239241123	0.114684671163559
5112.528	-0.27386739384383	0.114684671163559
5113.541	-0.191950239241123	0.114684671163559
5114.551	-0.27386739384383	0.114684671163559
5115.562	-0.355784548446536	0.0766191184520721
5116.575	-0.191950239241123	0.0380655489861965
5117.589	-0.438751914771274	0.0766191184520721
5118.597	-0.27386739384383	0.0766191184520721
5119.608	-0.27386739384383	0.0766191184520721
5120.619	-0.27386739384383	0
5121.631	-0.602586194872856	0.0766191184520721
5122.642	-0.438751914771274	0
5123.661	-0.602586194872856	0.0766191184520721
5124.666	-0.438751914771274	0
5125.677	-0.438751914771274	0.0380655489861965
5126.689	-0.355784548446536	0.0766191184520721
5127.7	-0.602586194872856	0.0766191184520721
5128.711	-0.355784548446536	0.0766191184520721
5129.722	-0.438751914771274	0.114684671163559
5130.733	-0.602586194872856	0.0766191184520721
5131.744	-0.52066904027015	0.0380655489861965
5132.756	-0.52066904027015	0.0380655489861965
5133.767	-0.52066904027015	0.0766191184520721
5134.78	-0.52066904027015	0.0766191184520721
5135.79	-0.602586194872856	0.0380655489861965
5136.803	-0.684503349475563	0.0766191184520721
5137.813	-0.602586194872856	0.0766191184520721
5138.826	-0.52066904027015	0.0766191184520721
5139.836	-0.52066904027015	0.0766191184520721
5140.847	-0.602586194872856	0.114684671163559
5141.859	-0.602586194872856	0.0380655489861965
5142.871	-0.684503349475563	0.0766191184520721
5143.882	-0.602586194872856	0.0766191184520721
5144.894	-0.602586194872856	0.0380655489861965
5145.906	-0.602586194872856	0
5146.916	-0.52066904027015	0.0766191184520721
5147.928	-0.438751914771274	0.0766191184520721
5148.939	-0.602586194872856	0
5149.95	-0.602586194872856	0.114684671163559
5150.962	-0.602586194872856	0.0766191184520721
5151.972	-0.684503349475563	0.0766191184520721
5152.984	-0.602586194872856	0.114684671163559
5153.995	-0.602586194872856	0.0766191184520721
5155.007	-0.684503349475563	0.0766191184520721
5156.019	-0.602586194872856	0.0766191184520721
5157.029	-0.602586194872856	0
5158.041	-0.684503349475563	0.0766191184520721
5159.052	-0.602586194872856	0.0766191184520721
5160.064	-0.602586194872856	0.0380655489861965
5161.075	-0.602586194872856	0.0766191184520721
5162.086	-0.602586194872856	0.0380655489861965
5163.097	-0.602586194872856	0.0766191184520721
5164.109	-0.602586194872856	0.0380655489861965
5165.121	-0.684503349475563	0.0766191184520721
5166.131	-0.602586194872856	0.0766191184520721
5167.143	-0.602586194872856	0.0766191184520721
5168.154	-0.602586194872856	0
5169.165	-0.602586194872856	0.114684671163559
5170.177	-0.602586194872856	0
5171.188	-0.684503349475563	0
5172.199	-0.602586194872856	0.0766191184520721
5173.211	-0.602586194872856	0.0766191184520721
5174.222	-0.52066904027015	0.0766191184520721
5175.233	-0.684503349475563	0.0380655489861965
5176.245	-0.52066904027015	0.0766191184520721
5177.256	-0.684503349475563	0.0766191184520721
5178.268	-0.602586194872856	0.0766191184520721
5179.279	-0.438751914771274	0.0380655489861965
5180.291	-0.684503349475563	0
5181.302	-0.52066904027015	0.0766191184520721
5182.314	-0.438751914771274	0.0766191184520721
5183.325	-0.602586194872856	0.0766191184520721
5184.336	-0.602586194872856	0.0380655489861965
5185.348	-0.602586194872856	0.0380655489861965
5186.359	-0.602586194872856	0
5187.37	-0.766420504078269	0.0766191184520721
5188.381	-0.602586194872856	0.0380655489861965
5189.393	-0.602586194872856	0.0766191184520721
5190.404	-0.602586194872856	0
5191.416	-0.684503349475563	0.0380655489861965
5192.427	-0.602586194872856	0.0766191184520721
5193.438	-0.602586194872856	0.114684671163559
5194.45	-0.684503349475563	0.0766191184520721
5195.461	-0.52066904027015	0.0380655489861965
5196.473	-0.684503349475563	0.0766191184520721
5197.484	-0.684503349475563	0.114684671163559
5198.496	-0.602586194872856	0.0380655489861965
5199.507	-0.602586194872856	0.0766191184520721
5200.518	-0.52066904027015	0
5201.53	-0.684503349475563	0.0380655489861965
5202.541	-0.602586194872856	0.114684671163559
5203.553	-0.684503349475563	0.0766191184520721
5204.564	-0.52066904027015	0.114684671163559
5205.576	-0.684503349475563	0.0766191184520721
5206.586	-0.684503349475563	0.0766191184520721
5207.598	-0.684503349475563	0.0766191184520721
5208.609	-0.602586194872856	0.0380655489861965
5209.621	-0.602586194872856	0.0766191184520721
5210.632	-0.684503349475563	0.0766191184520721
5211.643	-0.602586194872856	0.0766191184520721
5212.655	-0.684503349475563	0.0766191184520721
5213.666	-0.602586194872856	0.114684671163559
5214.678	-0.684503349475563	0.0766191184520721
5215.689	-0.684503349475563	0.0380655489861965
5216.701	-0.684503349475563	0.0766191184520721
5217.712	-0.684503349475563	0.0766191184520721
5218.723	-0.684503349475563	0.114684671163559
5219.735	-0.684503349475563	0.114684671163559
5220.745	-0.684503349475563	0.0380655489861965
5221.757	-0.684503349475563	0.0380655489861965
5222.768	-0.684503349475563	0.0766191184520721
5223.78	-0.602586194872856	0.114684671163559
5224.791	-0.684503349475563	0
5225.802	-0.602586194872856	0.0766191184520721
5226.813	-0.684503349475563	0.0766191184520721
5227.824	-0.602586194872856	0.114684671163559
5228.836	-0.684503349475563	0.0766191184520721
5229.847	-0.602586194872856	0.0380655489861965
5230.859	-0.684503349475563	0.0766191184520721
5231.87	-0.602586194872856	0.0766191184520721
5232.882	-0.52066904027015	0.0380655489861965
5233.893	-0.684503349475563	0.0380655489861965
5234.906	-0.602586194872856	0.0766191184520721
5235.916	-0.602586194872856	0.114684671163559
5236.928	-0.602586194872856	0.0766191184520721
5237.939	-0.684503349475563	0
5238.951	-0.602586194872856	0.114684671163559
5239.962	-0.602586194872856	0.0380655489861965
5240.973	-0.602586194872856	0.0380655489861965
5241.986	-0.684503349475563	0.0380655489861965
5242.996	-0.602586194872856	0
5244.008	-0.602586194872856	0.0766191184520721
5245.02	-0.602586194872856	0.114684671163559
5246.029	-0.684503349475563	0.114684671163559
5247.041	-0.684503349475563	0
5248.052	-0.684503349475563	0.0766191184520721
5249.064	-0.684503349475563	0.0766191184520721
5250.075	-0.602586194872856	0
5251.087	-0.684503349475563	0.0380655489861965
5252.099	-0.602586194872856	0.114684671163559
5253.11	-0.602586194872856	0
5254.122	-0.602586194872856	0.0766191184520721
5255.133	-0.684503349475563	0.0766191184520721
5256.144	-0.602586194872856	0.0766191184520721
5257.155	-0.684503349475563	0.0380655489861965
5258.167	-0.52066904027015	0.0380655489861965
5259.178	-0.52066904027015	0.0766191184520721
5260.19	-0.602586194872856	0.0380655489861965
5261.202	-0.602586194872856	0.0766191184520721
5262.212	-0.602586194872856	0.0766191184520721
5263.224	-0.684503349475563	0.0766191184520721
5264.236	-0.684503349475563	0.114684671163559
5265.246	-0.684503349475563	0.0766191184520721
5266.257	-0.52066904027015	0.114684671163559
5267.27	-0.602586194872856	0.114684671163559
5268.28	-0.684503349475563	0.114684671163559
5269.293	-0.684503349475563	0.114684671163559
5270.303	-0.602586194872856	0.0766191184520721
5271.314	-0.684503349475563	0.0380655489861965
5272.327	-0.684503349475563	0.114684671163559
5273.338	-0.602586194872856	0.114684671163559
5274.349	-0.602586194872856	0.0766191184520721
5275.361	-0.438751914771274	0.0766191184520721
5276.372	-0.602586194872856	0.0766191184520721
5277.383	-0.684503349475563	0.114684671163559
5278.395	-0.684503349475563	0.114684671163559
5279.407	-0.602586194872856	0.0380655489861965
5280.416	-0.684503349475563	0.0766191184520721
5281.428	-0.684503349475563	0.114684671163559
5282.44	-0.602586194872856	0.0380655489861965
5283.451	-0.684503349475563	0.114684671163559
5284.462	-0.684503349475563	0.0766191184520721
5285.474	-0.684503349475563	0.0766191184520721
5286.484	-0.602586194872856	0.0766191184520721
5287.496	-0.602586194872856	0.0766191184520721
5288.507	-0.602586194872856	0.114684671163559
5289.519	-0.684503349475563	0.114684671163559
5290.531	-0.684503349475563	0.0380655489861965
5291.541	-0.602586194872856	0.0380655489861965
5292.554	-0.684503349475563	0.114684671163559
5293.565	-0.766420504078269	0.114684671163559
5294.576	-0.684503349475563	0.0766191184520721
5295.588	-0.684503349475563	0.114684671163559
5296.599	-0.438751914771274	0.114684671163559
5297.61	-0.684503349475563	0.0766191184520721
5298.621	-0.684503349475563	0.0766191184520721
5299.634	-0.602586194872856	0.0766191184520721
5300.646	-0.684503349475563	0.114684671163559
5301.657	-0.766420504078269	0.0766191184520721
5302.667	-0.684503349475563	0.0766191184520721
5303.679	-0.684503349475563	0.114684671163559
5304.689	-0.684503349475563	0.114684671163559
5305.7	-0.848337658680975	0.0766191184520721
5306.712	-0.602586194872856	0.114684671163559
5307.724	-0.684503349475563	0.114684671163559
5308.736	-0.684503349475563	0
5309.747	-0.684503349475563	0.0766191184520721
5310.759	-0.52066904027015	0.0766191184520721
5311.769	-0.684503349475563	0.0766191184520721
5312.781	-0.602586194872856	0.0766191184520721
5313.793	-0.684503349475563	0.0766191184520721
5314.803	-0.602586194872856	0.0766191184520721
5315.816	-0.684503349475563	0.114684671163559
5316.826	-0.684503349475563	0.0766191184520721
5317.838	-0.684503349475563	0.0766191184520721
5318.85	-0.684503349475563	0.0766191184520721
5319.861	-0.684503349475563	0.0380655489861965
5320.873	-0.602586194872856	0.0380655489861965
5321.883	-0.602586194872856	0.114684671163559
5322.896	-0.684503349475563	0.0766191184520721
5323.906	-0.684503349475563	0.0766191184520721
5324.917	-0.684503349475563	0.0766191184520721
5325.928	-0.602586194872856	0.114684671163559
5326.94	-0.602586194872856	0.0766191184520721
5327.951	-0.684503349475563	0.0766191184520721
5328.963	-0.684503349475563	0
5329.974	-0.602586194872856	0
5330.986	-0.684503349475563	0.0766191184520721
5331.997	-0.684503349475563	0.114684671163559
5333.008	-0.684503349475563	0.0766191184520721
5334.02	-0.766420504078269	0.0766191184520721
5335.031	-0.602586194872856	0.0766191184520721
5336.043	-0.684503349475563	0.0766191184520721
5337.054	-0.602586194872856	0.0766191184520721
5338.065	-0.602586194872856	0
5339.077	-0.684503349475563	0.0766191184520721
5340.087	-0.602586194872856	0.0766191184520721
5341.099	-0.602586194872856	0.0766191184520721
5342.11	-0.602586194872856	0.0766191184520721
5343.122	-0.52066904027015	0.0766191184520721
5344.132	-0.684503349475563	0.0380655489861965
5345.144	-0.602586194872856	0.114684671163559
5346.155	-0.602586194872856	0.114684671163559
5347.166	-0.684503349475563	0
5348.178	-0.684503349475563	0.0380655489861965
5349.189	-0.602586194872856	0.0766191184520721
5350.201	-0.766420504078269	0.0766191184520721
5351.212	-0.684503349475563	0.0766191184520721
5352.224	-0.602586194872856	0.0380655489861965
5353.235	-0.684503349475563	0.0766191184520721
5354.247	-0.684503349475563	0.0380655489861965
5355.258	-0.684503349475563	0
5356.27	-0.848337658680975	0.0766191184520721
5357.281	-0.684503349475563	0.0766191184520721
5358.292	-0.684503349475563	0.0766191184520721
5359.304	-0.602586194872856	0.0766191184520721
5360.315	-0.684503349475563	0.0766191184520721
5361.327	-0.684503349475563	0.0766191184520721
5362.338	-0.684503349475563	0.0766191184520721
5363.349	-0.602586194872856	0.114684671163559
5364.36	-0.684503349475563	0.114684671163559
5365.371	-0.684503349475563	0.114684671163559
5366.383	-0.684503349475563	0.0766191184520721
5367.394	-0.684503349475563	0.0766191184520721
5368.406	-0.684503349475563	0.0766191184520721
5369.417	-0.602586194872856	0.0766191184520721
5370.429	-0.602586194872856	0.114684671163559
5371.44	-0.684503349475563	0.0766191184520721
5372.452	-0.684503349475563	0.0766191184520721
5373.463	-0.684503349475563	0.0766191184520721
5374.474	-0.602586194872856	0.114684671163559
5375.486	-0.602586194872856	0.0766191184520721
5376.497	-0.684503349475563	0.0380655489861965
5377.509	-0.602586194872856	0
5378.52	-0.684503349475563	0.0766191184520721
5380.845	-0.684503349475563	0.114684671163559
5385.344	-0.602586194872856	0.0380655489861965
5387.534	-0.602586194872856	0.114684671163559
5387.924	-0.684503349475563	0.0766191184520721
5388.634	-0.766420504078269	0.114684671163559
5389.645	-0.684503349475563	0.0766191184520721
5390.658	-0.766420504078269	0.0766191184520721
5391.668	-0.684503349475563	0
5392.68	-0.684503349475563	0.114684671163559
5393.692	-0.684503349475563	0.0766191184520721
5394.703	-0.602586194872856	0.114684671163559
5395.714	-0.684503349475563	0.0766191184520721
5396.726	-0.766420504078269	0.0766191184520721
5397.738	-0.602586194872856	0.0766191184520721
5398.748	-0.602586194872856	0.0766191184520721
5399.761	-0.766420504078269	0.0766191184520721
5400.77	-0.684503349475563	0.114684671163559
