7201.167	-0.684503349475563	-12.0858116149902
7202.02	11.2123871222138	0
7203.031	4.23892727121711	0.0766191184520721
7204.043	2.18784809112549	0.0380655489861965
7205.054	0.874022953212261	0.0766191184520721
7206.066	0.382520025596023	0.0380655489861965
7207.077	0.217635504668579	0
7208.088	0.0538012063771021	0
7209.1	-0.191950239241123	0.0766191184520721
7210.11	-0.110033091914374	0.0766191184520721
7211.122	-0.191950239241123	0
7212.133	-0.27386739384383	0.0380655489861965
7213.145	-0.27386739384383	0.114684671163559
7214.156	-0.355784548446536	0.0766191184520721
7215.167	-0.27386739384383	0
7216.179	-0.27386739384383	0.0380655489861965
7217.19	-0.27386739384383	0.0380655489861965
7218.202	-0.438751914771274	0.0766191184520721
7219.213	-0.438751914771274	0
7220.225	-0.438751914771274	0.114684671163559
7221.236	-0.438751914771274	0.0766191184520721
7222.248	-0.355784548446536	0.0380655489861965
7223.259	-0.27386739384383	0.0380655489861965
7224.27	-0.355784548446536	0
7225.282	-0.438751914771274	0.0766191184520721
7226.293	-0.27386739384383	0.0766191184520721
7227.305	-0.684503349475563	0.0380655489861965
7228.316	-0.52066904027015	0.0766191184520721
7229.327	-0.602586194872856	0.0766191184520721
7230.338	-0.438751914771274	0.0766191184520721
7231.35	-0.602586194872856	0.0766191184520721
7232.361	-0.438751914771274	0.0766191184520721
7233.372	-0.602586194872856	0.0766191184520721
7234.384	-0.602586194872856	0.0766191184520721
7235.395	-0.438751914771274	0
7236.407	-0.684503349475563	0.190815761685371
7237.418	-0.438751914771274	0.0766191184520721
7238.43	-0.52066904027015	0.0380655489861965
7239.441	-0.52066904027015	0.0766191184520721
7240.452	-0.438751914771274	0.0380655489861965
7241.464	-0.52066904027015	0.0766191184520721
7242.475	-0.438751914771274	0.0380655489861965
7243.487	-0.602586194872856	0.114684671163559
7244.498	-0.602586194872856	0.0766191184520721
7245.51	-0.52066904027015	0.0766191184520721
7246.521	-0.602586194872856	0.0766191184520721
7247.533	-0.602586194872856	0.0766191184520721
7248.544	-0.438751914771274	0.114684671163559
7249.555	-0.684503349475563	0.114684671163559
7250.566	-0.602586194872856	0.0380655489861965
7251.577	-0.52066904027015	0
7252.589	-0.602586194872856	0.0766191184520721
7253.6	-0.438751914771274	0.114684671163559
7254.612	-0.602586194872856	0
7255.623	-0.52066904027015	0.114684671163559
7256.635	-0.602586194872856	0.0766191184520721
7257.646	-0.602586194872856	0
7258.706	-0.52066904027015	0.0380655489861965
7259.669	-0.602586194872856	0.0766191184520721
7260.679	-0.602586194872856	0.0380655489861965
7261.692	-0.602586194872856	0.0766191184520721
7262.703	-0.52066904027015	0.0766191184520721
7263.715	-0.602586194872856	0.0766191184520721
7264.726	-0.52066904027015	0
7265.738	-0.602586194872856	0
7266.749	-0.52066904027015	0.114684671163559
7267.759	-0.52066904027015	0.114684671163559
7268.771	-0.602586194872856	0.0380655489861965
7269.782	-0.438751914771274	0.0766191184520721
7270.794	-0.602586194872856	0.0380655489861965
7271.804	-0.52066904027015	0.0380655489861965
7272.817	-0.602586194872856	0.0766191184520721
7273.828	-0.438751914771274	0.0766191184520721
7274.84	-0.602586194872856	0.0766191184520721
7275.851	-0.52066904027015	0.114684671163559
7276.862	-0.438751914771274	0.114684671163559
7277.874	-0.602586194872856	0.0380655489861965
7278.884	-0.602586194872856	0.0766191184520721
7279.897	-0.684503349475563	0.0766191184520721
7280.907	-0.602586194872856	0.0766191184520721
7281.919	-0.602586194872856	0.0766191184520721
7282.931	-0.355784548446536	0.0766191184520721
7283.943	-0.602586194872856	0.0766191184520721
7284.953	-0.52066904027015	0.0766191184520721
7285.964	-0.52066904027015	0
7286.976	-0.602586194872856	0.0766191184520721
7287.986	-0.438751914771274	0.114684671163559
7288.998	-0.602586194872856	0.114684671163559
7290.009	-0.52066904027015	0.0766191184520721
7291.022	-0.602586194872856	0.0380655489861965
7292.032	-0.52066904027015	0.0766191184520721
7293.044	-0.602586194872856	0.0766191184520721
7294.056	-0.602586194872856	0.114684671163559
7295.066	-0.602586194872856	0.0766191184520721
7296.078	-0.602586194872856	0.114684671163559
7297.09	-0.438751914771274	0.0766191184520721
7298.102	-0.602586194872856	0.0380655489861965
7299.113	-0.684503349475563	0.0766191184520721
7300.124	-0.684503349475563	0.0766191184520721
7301.136	-0.684503349475563	0.0380655489861965
7302.146	-0.52066904027015	0.0380655489861965
7303.159	-0.684503349475563	0.0766191184520721
7304.169	-0.438751914771274	0.0766191184520721
7305.182	-0.602586194872856	0.114684671163559
7306.192	-0.602586194872856	0.114684671163559
7307.205	-0.602586194872856	0.0380655489861965
7308.214	-0.602586194872856	0.0766191184520721
7309.226	-0.52066904027015	0.0766191184520721
7310.237	-0.766420504078269	0.0766191184520721
7311.248	-0.602586194872856	0.114684671163559
7312.26	-0.602586194872856	0.0766191184520721
7313.272	-0.438751914771274	0.0766191184520721
7314.284	-0.684503349475563	0.114684671163559
7315.295	-0.438751914771274	0.0766191184520721
7316.306	-0.602586194872856	0.0766191184520721
7317.317	-0.602586194872856	0.0766191184520721
7318.33	-0.602586194872856	0.0766191184520721
7319.34	-0.684503349475563	0.0766191184520721
7320.351	-0.602586194872856	0.0766191184520721
7321.362	-0.602586194872856	0.0766191184520721
7322.373	-0.602586194872856	0.114684671163559
7323.385	-0.602586194872856	0.0766191184520721
7324.396	-0.684503349475563	0.0766191184520721
7325.408	-0.602586194872856	0.0380655489861965
7326.419	-0.684503349475563	0.0766191184520721
7327.43	-0.602586194872856	0.0766191184520721
7328.441	-0.602586194872856	0.0766191184520721
7329.453	-0.684503349475563	0.0766191184520721
7330.465	-0.684503349475563	0.0766191184520721
7331.475	-0.684503349475563	0.0766191184520721
7332.487	-0.438751914771274	0.0766191184520721
7333.499	-0.602586194872856	0.0766191184520721
7334.511	-0.602586194872856	0.0380655489861965
7335.522	-0.602586194872856	0.0380655489861965
7336.532	-0.602586194872856	0.0380655489861965
7337.544	-0.684503349475563	0.0766191184520721
7338.555	-0.602586194872856	0.0766191184520721
7339.568	-0.684503349475563	0.114684671163559
7340.578	-0.602586194872856	0.0766191184520721
7341.591	-0.684503349475563	0.114684671163559
7342.601	-0.684503349475563	0.0766191184520721
7343.613	-0.602586194872856	0.0380655489861965
7344.624	-0.602586194872856	0.0766191184520721
7345.635	-0.602586194872856	0.0380655489861965
7346.647	-0.684503349475563	0.0380655489861965
7347.658	-0.602586194872856	0.0766191184520721
7348.67	-0.684503349475563	0
7349.68	-0.684503349475563	0.0380655489861965
7350.692	-0.602586194872856	0.114684671163559
7351.703	-0.602586194872856	0.0766191184520721
7352.715	-0.684503349475563	0.0766191184520721
7353.726	-0.684503349475563	0.114684671163559
7354.737	-0.602586194872856	0
7355.749	-0.684503349475563	0.0380655489861965
7356.76	-0.684503349475563	0.114684671163559
7357.772	-0.602586194872856	0.0380655489861965
7358.783	-0.684503349475563	0.0766191184520721
7359.795	-0.602586194872856	0.0766191184520721
7360.806	-0.602586194872856	0.0766191184520721
7361.817	-0.602586194872856	0.0380655489861965
7362.829	-0.602586194872856	0.0766191184520721
7363.84	-0.848337658680975	0.114684671163559
7364.852	-0.684503349475563	0.0766191184520721
7365.863	-0.602586194872856	0.0766191184520721
7366.874	-0.684503349475563	0.0380655489861965
7367.885	-0.602586194872856	0.0766191184520721
7368.897	-0.684503349475563	0.0766191184520721
7369.908	-0.602586194872856	0.114684671163559
7370.92	-0.602586194872856	0.0766191184520721
7371.931	-0.684503349475563	0.114684671163559
7372.942	-0.766420504078269	0.0766191184520721
7373.954	-0.684503349475563	0.114684671163559
7374.965	-0.684503349475563	0.0766191184520721
7375.977	-0.684503349475563	0.0766191184520721
7376.988	-0.684503349475563	0.0766191184520721
7378	-0.684503349475563	0.0766191184520721
7379.011	-0.684503349475563	0.0380655489861965
7380.021	-0.766420504078269	0
7381.033	-0.684503349475563	0.114684671163559
7382.044	-0.684503349475563	0.0766191184520721
7383.056	-0.766420504078269	0.114684671163559
7384.067	-0.766420504078269	0.0766191184520721
7385.079	-0.766420504078269	0.0766191184520721
7386.089	-0.684503349475563	0.0380655489861965
7387.1	-0.766420504078269	0.0380655489861965
7388.112	-0.766420504078269	0.0766191184520721
7389.123	-0.766420504078269	0.0766191184520721
7390.135	-0.602586194872856	0.114684671163559
7391.146	-0.848337658680975	0
7392.158	-0.766420504078269	0.114684671163559
7393.169	-0.766420504078269	0.0766191184520721
7394.181	-0.684503349475563	0.0766191184520721
7395.192	-0.684503349475563	0.0766191184520721
7396.203	-0.766420504078269	0.0766191184520721
7397.215	-0.848337658680975	0.0766191184520721
7398.226	-0.766420504078269	0.0766191184520721
7399.238	-0.684503349475563	0.0766191184520721
7400.249	-0.684503349475563	0.0380655489861965
7401.261	-0.766420504078269	0.0766191184520721
7402.272	-0.930254813283682	0.0766191184520721
7403.284	-0.766420504078269	0.0766191184520721
7404.295	-0.684503349475563	0.0766191184520721
7405.307	-0.848337658680975	0.0766191184520721
7406.317	-0.848337658680975	0
7407.328	-0.766420504078269	0.0766191184520721
7408.34	-0.684503349475563	0.0766191184520721
7409.351	-0.766420504078269	0.114684671163559
7410.363	-0.684503349475563	0.0380655489861965
7411.374	-0.766420504078269	0.0766191184520721
7412.386	-0.684503349475563	0.152750223875046
7413.398	-0.766420504078269	0.0766191184520721
7414.408	-0.848337658680975	0.0766191184520721
7415.42	-0.848337658680975	0.0766191184520721
7416.431	-0.848337658680975	0.0766191184520721
7417.443	-0.848337658680975	0.114684671163559
7418.454	-0.766420504078269	0.0766191184520721
7419.467	-0.930254813283682	0.152750223875046
7420.477	-0.766420504078269	0.114684671163559
7421.49	-0.766420504078269	0.0766191184520721
7422.501	-0.930254813283682	0.0766191184520721
7423.511	-0.766420504078269	0.0766191184520721
7424.524	-0.848337658680975	0.0766191184520721
7425.533	-0.766420504078269	0.0766191184520721
7426.545	-0.684503349475563	0.114684671163559
7427.557	-0.930254813283682	0.0766191184520721
7428.569	-0.766420504078269	0.0766191184520721
7429.58	-0.766420504078269	0.152750223875046
7430.592	-0.930254813283682	0.0766191184520721
7431.603	-0.684503349475563	0.0766191184520721
7432.614	-0.766420504078269	0.114684671163559
7433.625	-0.848337658680975	0.0766191184520721
7434.637	-0.848337658680975	0.0766191184520721
7435.649	-0.930254813283682	0.0766191184520721
7436.66	-0.766420504078269	0.114684671163559
7437.672	-0.848337658680975	0.0766191184520721
7438.682	-0.930254813283682	0.0766191184520721
7439.694	-0.684503349475563	0.0766191184520721
7440.705	-0.766420504078269	0.0766191184520721
7441.715	-0.848337658680975	0.0380655489861965
7442.728	-1.01217196788639	0.0766191184520721
7443.739	-0.848337658680975	0.0766191184520721
7444.75	-0.766420504078269	0.0766191184520721
7445.76	-0.848337658680975	0.0766191184520721
7446.773	-0.930254813283682	0.0766191184520721
7447.783	-0.848337658680975	0.0766191184520721
7448.795	-0.930254813283682	0.114684671163559
7449.807	-0.930254813283682	0.0766191184520721
7450.817	-0.930254813283682	0.0766191184520721
7451.829	-0.930254813283682	0.0766191184520721
7452.841	-0.848337658680975	0.0766191184520721
7453.852	-0.848337658680975	0.0766191184520721
7454.863	-0.930254813283682	0.0380655489861965
7455.875	-0.930254813283682	0.0766191184520721
7456.887	-0.848337658680975	0.0766191184520721
7457.897	-0.848337658680975	0.0380655489861965
7458.909	-0.930254813283682	0.0380655489861965
7459.92	-0.848337658680975	0.0766191184520721
7460.932	-0.930254813283682	0.0766191184520721
7461.943	-0.684503349475563	0.0766191184520721
7462.956	-0.848337658680975	0.0380655489861965
7463.967	-0.848337658680975	0.0766191184520721
7464.977	-0.766420504078269	0.114684671163559
7465.988	-0.930254813283682	0.0380655489861965
7466.999	-0.848337658680975	0.0766191184520721
7468.011	-0.930254813283682	0.0766191184520721
7469.022	-0.848337658680975	0.114684671163559
7470.035	-0.930254813283682	0.114684671163559
7471.045	-0.848337658680975	0.0766191184520721
7472.058	-0.930254813283682	0.0766191184520721
7473.069	-0.848337658680975	0.0766191184520721
7474.08	-0.930254813283682	0.0766191184520721
7475.091	-1.0951393051073	0.0766191184520721
7476.103	-0.848337658680975	0.0766191184520721
7477.115	-0.848337658680975	0.114684671163559
7478.126	-0.766420504078269	0.114684671163559
7479.138	-1.0951393051073	0.0766191184520721
7480.148	-0.848337658680975	0.0766191184520721
7481.16	-0.848337658680975	0.114684671163559
7482.171	-0.930254813283682	0.114684671163559
7483.183	-0.684503349475563	0.0766191184520721
7484.194	-1.0951393051073	0.114684671163559
7485.204	-0.848337658680975	0.0380655489861965
7486.217	-0.930254813283682	0.114684671163559
7487.228	-0.930254813283682	0.0766191184520721
7488.24	-0.930254813283682	0.0766191184520721
7489.25	-0.930254813283682	0.0766191184520721
7490.263	-0.930254813283682	0.114684671163559
7491.274	-1.01217196788639	0.190815761685371
7492.284	-0.930254813283682	0.114684671163559
7493.297	-0.930254813283682	0.114684671163559
7494.308	-0.766420504078269	0.0766191184520721
7495.319	-0.848337658680975	0.114684671163559
7496.33	-0.930254813283682	0.0380655489861965
7497.343	-1.01217196788639	0.114684671163559
7498.354	-0.930254813283682	0.114684671163559
7499.365	-1.01217196788639	0.0766191184520721
7500.375	-0.848337658680975	0.114684671163559
