9301.491	-0.684503349475563	-10.0654096603394
9301.63	39.1912944614887	0
9302.642	7.19214556738734	0.0766191184520721
9303.654	2.84423539415002	0.0766191184520721
9304.666	1.61337770987302	0.0766191184520721
9305.676	0.710188644006848	0
9306.688	0.135718350065872	0
9307.699	-0.0281159445876256	0.0380655489861965
9308.711	-0.191950239241123	0.114684671163559
9309.722	-0.191950239241123	0
9310.733	-0.27386739384383	0.0766191184520721
9311.744	-0.191950239241123	0.114684671163559
9312.755	-0.27386739384383	0.0766191184520721
9313.767	-0.355784548446536	0.0380655489861965
9314.778	-0.355784548446536	0.0766191184520721
9315.791	-0.438751914771274	0.0380655489861965
9316.801	-0.27386739384383	0.0766191184520721
9317.812	-0.438751914771274	0.0766191184520721
9318.825	-0.438751914771274	0.114684671163559
9319.836	-0.438751914771274	0
9320.847	-0.602586194872856	0.114684671163559
9321.859	-0.438751914771274	0
9322.871	-0.52066904027015	0.0766191184520721
9323.881	-0.438751914771274	0.0766191184520721
9324.893	-0.602586194872856	0.0766191184520721
9325.905	-0.602586194872856	0.0380655489861965
9326.915	-0.602586194872856	0.114684671163559
9327.928	-0.52066904027015	0.0766191184520721
9328.939	-0.602586194872856	0.0766191184520721
9329.951	-0.602586194872856	0.0766191184520721
9330.96	-0.602586194872856	0.0766191184520721
9331.972	-0.684503349475563	0.0766191184520721
9332.983	-0.684503349475563	0
9333.995	-0.602586194872856	0.0766191184520721
9335.007	-0.602586194872856	0
9336.018	-0.602586194872856	0.0766191184520721
9337.029	-0.602586194872856	0.114684671163559
9338.04	-0.602586194872856	0.114684671163559
9339.053	-0.684503349475563	0
9340.064	-0.602586194872856	0.114684671163559
9341.076	-0.602586194872856	0.0380655489861965
9342.086	-0.684503349475563	0.0380655489861965
9343.098	-0.766420504078269	0.0766191184520721
9344.11	-0.684503349475563	0.0766191184520721
9345.12	-0.766420504078269	0.0766191184520721
9346.132	-0.602586194872856	0.0766191184520721
9347.143	-0.684503349475563	0.0766191184520721
9348.155	-0.684503349475563	0.0766191184520721
9349.166	-0.684503349475563	0.0766191184520721
9350.178	-0.684503349475563	0.0766191184520721
9351.188	-0.684503349475563	0.152750223875046
9352.2	-0.684503349475563	0.0380655489861965
9353.212	-0.766420504078269	0.0766191184520721
9354.222	-0.766420504078269	0.0380655489861965
9355.234	-0.684503349475563	0.114684671163559
9356.246	-0.684503349475563	0.0766191184520721
9357.257	-0.684503349475563	0.0766191184520721
9358.268	-0.848337658680975	0.0380655489861965
9359.28	-0.684503349475563	0.0766191184520721
9360.29	-0.684503349475563	0.114684671163559
9361.302	-0.684503349475563	0.0380655489861965
9362.314	-0.684503349475563	0.114684671163559
9363.324	-0.684503349475563	0.0766191184520721
9364.336	-0.684503349475563	0.114684671163559
9365.348	-0.684503349475563	0.0380655489861965
9366.359	-0.684503349475563	0.114684671163559
9367.37	-0.766420504078269	0
9368.382	-0.684503349475563	0.0766191184520721
9369.393	-0.602586194872856	0.0766191184520721
9370.403	-0.848337658680975	0.0766191184520721
9371.416	-0.848337658680975	0.0766191184520721
9372.426	-0.684503349475563	0.0380655489861965
9373.438	-0.602586194872856	0.114684671163559
9374.449	-0.684503349475563	0.114684671163559
9375.461	-0.602586194872856	0.0766191184520721
9376.472	-0.766420504078269	0.0766191184520721
9377.483	-0.602586194872856	0.0766191184520721
9378.495	-0.684503349475563	0.0766191184520721
9379.506	-0.684503349475563	0.0380655489861965
9380.518	-0.684503349475563	0
9381.529	-0.684503349475563	0.114684671163559
9382.541	-0.684503349475563	0.0766191184520721
9383.552	-0.684503349475563	0.0766191184520721
9384.564	-0.684503349475563	0.0766191184520721
9385.575	-0.684503349475563	0
9386.587	-0.602586194872856	0.0766191184520721
9387.598	-0.684503349475563	0.0380655489861965
9388.609	-0.766420504078269	0
9389.62	-0.766420504078269	0.0766191184520721
9390.631	-0.766420504078269	0.0380655489861965
9391.643	-0.848337658680975	0.0766191184520721
9392.654	-0.766420504078269	0
9393.665	-0.848337658680975	0
9394.677	-0.684503349475563	0
9395.689	-0.684503349475563	0.0380655489861965
9396.7	-0.848337658680975	0.0766191184520721
9397.722	-0.848337658680975	0.0766191184520721
9398.723	-0.766420504078269	0.0766191184520721
9399.734	-0.848337658680975	0.114684671163559
9400.746	-0.684503349475563	0.114684671163559
9401.757	-0.848337658680975	0.0766191184520721
9402.769	-0.766420504078269	0.0380655489861965
9403.78	-0.684503349475563	0.0380655489861965
9404.791	-0.848337658680975	0.0766191184520721
9405.803	-0.848337658680975	0
9406.814	-0.848337658680975	0.0766191184520721
9407.826	-0.684503349475563	0.0766191184520721
9408.837	-0.684503349475563	0.0380655489861965
9409.848	-0.684503349475563	0.0766191184520721
9410.859	-0.684503349475563	0
9411.87	-0.848337658680975	0.0380655489861965
9412.882	-0.848337658680975	0.0766191184520721
9413.893	-0.848337658680975	0
9414.905	-0.848337658680975	0.0380655489861965
9415.916	-0.848337658680975	0.0380655489861965
9416.928	-0.766420504078269	0.114684671163559
9417.939	-0.766420504078269	0.0766191184520721
9418.951	-0.848337658680975	0.0766191184520721
9419.962	-0.766420504078269	0.0380655489861965
9420.972	-0.848337658680975	0.0380655489861965
9421.984	-0.848337658680975	0.0766191184520721
9422.995	-0.848337658680975	0.114684671163559
9424.007	-0.684503349475563	0.0766191184520721
9425.018	-0.848337658680975	0.114684671163559
9426.03	-0.684503349475563	0.0380655489861965
9427.041	-0.684503349475563	0.0766191184520721
9428.053	-0.766420504078269	0.152750223875046
9429.063	-0.848337658680975	0.0380655489861965
9430.075	-0.848337658680975	0.114684671163559
9431.086	-0.766420504078269	0.0766191184520721
9432.097	-0.930254813283682	0.0766191184520721
9433.109	-0.766420504078269	0.0766191184520721
9434.12	-0.848337658680975	0.0766191184520721
9435.132	-0.684503349475563	0.114684671163559
9436.144	-0.766420504078269	-0.0380655489861965
9437.155	-0.930254813283682	-0.0380655489861965
9438.166	-0.848337658680975	0
9439.177	-0.848337658680975	0
9440.189	-0.848337658680975	0
9441.2	-0.848337658680975	0.0766191184520721
9442.213	-0.766420504078269	0.0766191184520721
9443.223	-0.848337658680975	0
9444.235	-0.848337658680975	0
9445.246	-0.684503349475563	0.0766191184520721
9446.258	-0.848337658680975	0.0380655489861965
9447.27	-0.848337658680975	0.0766191184520721
9448.28	-0.766420504078269	0.0766191184520721
9449.292	-0.766420504078269	0.114684671163559
9450.303	-0.766420504078269	0.0766191184520721
9451.314	-0.766420504078269	0.0380655489861965
9452.325	-0.766420504078269	0.114684671163559
9453.337	-0.766420504078269	0.0766191184520721
9454.348	-0.766420504078269	0.0766191184520721
9455.36	-0.684503349475563	0.0766191184520721
9456.371	-0.684503349475563	0.0766191184520721
9457.383	-0.684503349475563	0.114684671163559
9458.394	-0.930254813283682	0.0766191184520721
9459.405	-0.848337658680975	0
9460.418	-0.848337658680975	0.0766191184520721
9461.429	-0.684503349475563	0.0766191184520721
9462.44	-0.766420504078269	0.114684671163559
9463.452	-0.848337658680975	0.114684671163559
9464.463	-0.766420504078269	0.0766191184520721
9465.474	-0.684503349475563	0.0766191184520721
9466.485	-0.848337658680975	0.114684671163559
9467.497	-0.848337658680975	0.0766191184520721
9468.508	-0.848337658680975	0.0380655489861965
9469.519	-0.848337658680975	0.0766191184520721
9470.531	-0.684503349475563	0.114684671163559
9471.542	-0.766420504078269	0.0766191184520721
9472.553	-0.848337658680975	0
9473.564	-0.848337658680975	0.0766191184520721
9474.577	-0.930254813283682	0.114684671163559
9475.588	-0.766420504078269	0.114684671163559
9476.599	-0.930254813283682	0.0766191184520721
9477.61	-0.930254813283682	0.0766191184520721
9478.622	-0.766420504078269	0.114684671163559
9479.634	-0.930254813283682	0.0766191184520721
9480.644	-0.766420504078269	0.0766191184520721
9481.655	-0.848337658680975	0.0766191184520721
9482.666	-0.848337658680975	0
9483.679	-0.848337658680975	0.0380655489861965
9484.69	-0.848337658680975	0.114684671163559
9485.701	-0.848337658680975	0.0766191184520721
9486.712	-0.766420504078269	0.0766191184520721
9487.724	-0.848337658680975	0.0766191184520721
9488.734	-1.01217196788639	0
9489.746	-0.848337658680975	0.0766191184520721
9490.758	-0.766420504078269	0.0380655489861965
9491.769	-0.848337658680975	0.0380655489861965
9492.78	-0.684503349475563	0.0766191184520721
9493.791	-0.848337658680975	0.114684671163559
9494.804	-0.766420504078269	0.0766191184520721
9495.819	-0.930254813283682	0.0766191184520721
9496.826	-0.684503349475563	0.0766191184520721
9497.838	-0.848337658680975	0.0766191184520721
9498.849	-0.766420504078269	0.0766191184520721
9499.86	-0.930254813283682	0.0380655489861965
9500.871	-0.848337658680975	0.0380655489861965
9501.884	-0.848337658680975	0.0766191184520721
9502.895	-0.766420504078269	0.0380655489861965
9503.907	-0.684503349475563	0.114684671163559
9504.917	-0.766420504078269	0.0766191184520721
9505.928	-0.848337658680975	0.0766191184520721
9506.94	-0.848337658680975	0.0766191184520721
9507.951	-0.684503349475563	0.152750223875046
9508.963	-0.684503349475563	0.0380655489861965
9509.973	-0.766420504078269	0.0766191184520721
9510.986	-0.848337658680975	0.0766191184520721
9511.997	-0.848337658680975	0.0380655489861965
9513.009	-0.684503349475563	0.0380655489861965
9514.019	-0.848337658680975	0.0766191184520721
9515.031	-0.766420504078269	0.114684671163559
9516.042	-0.766420504078269	0.0766191184520721
9517.054	-0.848337658680975	0.0766191184520721
9518.065	-0.766420504078269	0
9519.077	-0.848337658680975	0.0766191184520721
9520.088	-0.848337658680975	0.0766191184520721
9521.099	-0.848337658680975	0.114684671163559
9522.111	-0.766420504078269	0.0766191184520721
9523.122	-0.848337658680975	0.114684671163559
9524.134	-0.848337658680975	0.0766191184520721
9525.146	-0.684503349475563	0.0766191184520721
9526.156	-0.848337658680975	0.0766191184520721
9527.167	-0.766420504078269	0.0766191184520721
9528.179	-0.848337658680975	0.0766191184520721
9529.19	-0.684503349475563	0.114684671163559
9530.201	-0.766420504078269	0.114684671163559
9531.213	-0.848337658680975	0.0766191184520721
9532.224	-0.848337658680975	0.0380655489861965
9533.235	-0.684503349475563	0.0766191184520721
9534.247	-0.766420504078269	0.114684671163559
9535.258	-0.848337658680975	0.0766191184520721
9536.27	-0.766420504078269	0.0380655489861965
9537.281	-0.930254813283682	0.0766191184520721
9538.293	-0.848337658680975	0.0766191184520721
9539.304	-0.930254813283682	0.0380655489861965
9540.315	-0.848337658680975	0.0766191184520721
9541.326	-0.848337658680975	0.152750223875046
9542.337	-0.930254813283682	0.0766191184520721
9543.349	-0.848337658680975	0.0766191184520721
9544.36	-0.848337658680975	0.114684671163559
9545.372	-0.684503349475563	0.0766191184520721
9546.382	-0.848337658680975	0.114684671163559
9547.394	-0.848337658680975	0.114684671163559
9548.405	-0.930254813283682	0.0766191184520721
9549.417	-0.848337658680975	0.0766191184520721
9550.428	-0.930254813283682	0.0766191184520721
9551.439	-0.848337658680975	0.114684671163559
9552.451	-0.930254813283682	0.0766191184520721
9553.462	-0.848337658680975	0.0766191184520721
9554.474	-0.930254813283682	0.0766191184520721
9555.485	-0.930254813283682	0.0380655489861965
9556.497	-0.848337658680975	0.0766191184520721
9557.508	-0.930254813283682	0.0380655489861965
9558.52	-0.848337658680975	0.0766191184520721
9559.531	-0.930254813283682	0.0766191184520721
9560.542	-0.766420504078269	0.0766191184520721
9561.554	-0.766420504078269	0.0766191184520721
9562.565	-0.848337658680975	0.114684671163559
9563.577	-0.848337658680975	0.0766191184520721
9564.588	-0.848337658680975	0.0766191184520721
9565.6	-0.930254813283682	0.0766191184520721
9566.61	-0.848337658680975	0.0380655489861965
9567.622	-0.684503349475563	0.114684671163559
9568.633	-0.930254813283682	0.0766191184520721
9569.644	-0.930254813283682	0.0380655489861965
9570.656	-0.684503349475563	0.114684671163559
9571.667	-0.848337658680975	0.0766191184520721
9572.679	-0.766420504078269	0.114684671163559
9573.69	-0.930254813283682	0.114684671163559
9574.702	-0.848337658680975	0.0766191184520721
9575.713	-0.930254813283682	0.0766191184520721
9576.724	-0.766420504078269	0.114684671163559
9577.736	-0.848337658680975	0.0766191184520721
9578.747	-0.766420504078269	0.0766191184520721
9579.759	-0.684503349475563	0.0766191184520721
9580.77	-0.930254813283682	0.114684671163559
9581.782	-0.766420504078269	0.0766191184520721
9582.793	-0.848337658680975	0.0766191184520721
9583.805	-0.684503349475563	0.0766191184520721
9584.816	-0.766420504078269	0.0380655489861965
9585.826	-0.766420504078269	0.0766191184520721
9586.838	-0.766420504078269	0.0766191184520721
9587.849	-0.848337658680975	0.0766191184520721
9588.861	-0.684503349475563	0.114684671163559
9589.872	-0.848337658680975	0.114684671163559
9590.884	-0.848337658680975	0.0766191184520721
9591.895	-0.848337658680975	0.0766191184520721
9592.908	-0.766420504078269	0.0766191184520721
9593.919	-0.930254813283682	0.0766191184520721
9594.929	-0.766420504078269	0.0766191184520721
9595.942	-0.766420504078269	0.0766191184520721
9596.952	-0.848337658680975	0.0766191184520721
9597.964	-0.766420504078269	0.0766191184520721
9598.975	-0.848337658680975	0.0766191184520721
9599.988	-0.766420504078269	0.114684671163559
9600.997	-0.848337658680975	0.114684671163559
