"sec"	µA	"mV"
23400.828	-0.930254813283682	59.5921058654785
23401.298	-118.014022707939	0.0766191184520721
23402.31	-24.4782846421003	0.0766191184520721
23403.322	-11.9250062853098	0.0766191184520721
23404.334	-8.15051607787609	0.0766191184520721
23405.344	-7.00262608006597	0.0766191184520721
23406.356	-6.42815604805946	0.0766191184520721
23407.368	-5.85368555039167	0.0766191184520721
23408.38	-5.52496686577797	0.0766191184520721
23409.39	-5.03346370533109	0.114684671163559
23410.402	-3.80260613746941	0
23411.414	-3.39197018183768	0.0766191184520721
23412.424	-4.86857956275344	0.0380655489861965
23413.436	-4.86857956275344	0.0766191184520721
23414.448	-4.45899367332458	0.0766191184520721
23415.46	-4.45899367332458	0.0380655489861965
23416.47	-4.95049636811018	0.114684671163559
23417.48	-2.81749991700053	0.0380655489861965
23418.494	-3.31005314365029	0.0380655489861965
23419.504	-3.63772176206112	0.0766191184520721
23420.516	-3.39197018183768	0.114684671163559
23421.526	-3.96644044667482	0.0766191184520721
23422.538	-3.39197018183768	0.114684671163559
23423.55	-4.37707640230656	0
23424.562	-3.96644044667482	0.0766191184520721
23425.572	-4.13027498871088	0.114684671163559
23426.584	-2.89941718801856	0.0766191184520721
23427.596	-3.96644044667482	0.0766191184520721
23428.606	-4.04835771769285	0.0766191184520721
23429.618	-3.72068909928203	0.0380655489861965
23430.63	-1.99727830477059	0
23431.64	-4.13027498871088	0.0766191184520721
23432.652	-4.04835771769285	0
23433.662	-4.21219179406762	0
23434.674	-3.80260613746941	0.0380655489861965
23435.686	-3.63772176206112	0
23436.698	-3.96644044667482	0.0766191184520721
23437.708	-3.88452340848744	0.0766191184520721
23438.72	-3.80260613746941	0.0380655489861965
23439.732	-3.96644044667482	0.0766191184520721
23440.744	-3.72068909928203	0.114684671163559
23441.754	-2.89941718801856	0.0766191184520721
23442.766	-4.21219179406762	0.0766191184520721
23443.778	-4.13027498871088	0.0766191184520721
23444.788	-4.13027498871088	0.152750223875046
23445.8	-3.31005314365029	0.0766191184520721
23446.812	-3.88452340848744	0.0380655489861965
23447.824	-2.161112613976	0.114684671163559
23448.834	-3.80260613746941	0.0766191184520721
23449.846	-3.96644044667482	0.0766191184520721
23450.856	-3.55580449104309	0.114684671163559
23451.868	-3.72068909928203	0.0766191184520721
23452.88	-3.96644044667482	0.0380655489861965
23453.89	-3.88452340848744	0.0766191184520721
23454.902	-3.55580449104309	0.0380655489861965
23455.914	-3.96644044667482	0.114684671163559
23456.926	-3.63772176206112	0.0766191184520721
23457.936	-3.96644044667482	0.0380655489861965
23458.948	-3.96644044667482	0.114684671163559
23459.96	-4.21219179406762	0.114684671163559
23460.97	-2.65366560779512	0.114684671163559
23461.982	-3.63772176206112	0.114684671163559
23462.992	-3.22813587263227	0
23464.004	-3.72068909928203	0.0766191184520721
23465.016	-3.80260613746941	0.114684671163559
23466.028	-3.63772176206112	0
23467.038	-3.55580449104309	0.114684671163559
23468.05	-2.161112613976	0.0380655489861965
23469.062	-3.96644044667482	0.0766191184520721
23470.072	-3.63772176206112	0.0766191184520721
23471.084	-2.98133422620595	0.0766191184520721
23472.094	-3.96644044667482	0.114684671163559
23473.106	-3.63772176206112	0.0380655489861965
23474.118	-3.80260613746941	0.0380655489861965
23475.13	-3.80260613746941	0.114684671163559
23476.14	-3.88452340848744	0
23477.152	-3.80260613746941	0.0380655489861965
23478.164	-3.72068909928203	0.114684671163559
23479.176	-3.63772176206112	0.114684671163559
23480.186	-2.24302965216339	0.0766191184520721
23481.198	-3.22813587263227	0
23482.21	-2.32494692318141	-0.0380655489861965
23483.22	-3.06430156342685	0.0766191184520721
23484.232	-3.55580449104309	0.0380655489861965
23485.244	-3.39197018183768	0.0766191184520721
23486.256	-3.96644044667482	0.0766191184520721
23487.266	-3.47388745285571	0.0766191184520721
23488.278	-3.63772176206112	0
23489.29	-3.14621883444488	0.114684671163559
23490.3	-3.39197018183768	0.114684671163559
23491.312	-3.63772176206112	0
23492.322	-3.14621883444488	0.114684671163559
23493.334	-2.73558287881315	0.114684671163559
23494.346	-3.63772176206112	0.0766191184520721
23495.358	-3.80260613746941	0.0380655489861965
23496.37	-3.31005314365029	0.0766191184520721
23497.38	-3.14621883444488	0
23498.392	-3.55580449104309	0.0766191184520721
23499.402	-3.31005314365029	0.0380655489861965
23500.414	-4.04835771769285	0.0766191184520721
23501.426	-2.73558287881315	0
23502.438	-3.47388745285571	0
23503.448	-3.80260613746941	0.0766191184520721
23504.46	-3.80260613746941	0.0766191184520721
23505.472	-3.31005314365029	0.0380655489861965
23506.482	-3.14621883444488	0
23507.496	-3.88452340848744	0
23508.506	-2.73558287881315	0.114684671163559
23509.516	-3.80260613746941	0.0766191184520721
23510.528	-3.80260613746941	0.114684671163559
23511.54	-3.22813587263227	0.0766191184520721
23512.55	-2.81749991700053	0.0766191184520721
23513.562	-3.63772176206112	0.0380655489861965
23514.574	-3.14621883444488	0.0766191184520721
23515.584	-3.96644044667482	0.0380655489861965
23516.596	-3.55580449104309	0.0766191184520721
23517.608	-3.55580449104309	0.0766191184520721
23518.62	-3.63772176206112	0.0766191184520721
23519.63	-3.63772176206112	0.0766191184520721
23520.642	-2.89941718801856	0.0766191184520721
23521.652	-3.63772176206112	0.0766191184520721
23522.666	-3.72068909928203	0.152750223875046
23523.676	-3.72068909928203	0.0766191184520721
23524.686	-3.80260613746941	0.0380655489861965
23525.698	-3.63772176206112	0.0766191184520721
23526.71	-3.47388745285571	-0.0380655489861965
23527.722	-3.72068909928203	0.0766191184520721
23528.732	-3.63772176206112	0.0766191184520721
23529.744	-3.72068909928203	0.114684671163559
23530.756	-3.31005314365029	0.0766191184520721
23531.766	-3.55580449104309	0
23532.778	-3.22813587263227	0
23533.79	-3.55580449104309	0.0766191184520721
23534.802	-3.63772176206112	0.114684671163559
23535.812	-2.73558287881315	-0.0380655489861965
23536.824	-3.72068909928203	0.0380655489861965
23537.834	-3.63772176206112	0.0766191184520721
23538.846	-1.91536103375256	0.0380655489861965
23539.858	-3.31005314365029	0
23540.868	-3.39197018183768	0.0766191184520721
23541.88	-3.55580449104309	0.0766191184520721
23542.892	-2.89941718801856	0.114684671163559
23543.904	-3.72068909928203	0.0766191184520721
23544.914	-2.48983129858971	0.0380655489861965
23545.926	-3.31005314365029	0.0380655489861965
23546.938	-2.65366560779512	0.0766191184520721
23547.948	-3.55580449104309	0.0766191184520721
23548.96	-2.24302965216339	0.0380655489861965
23549.97	-3.63772176206112	0.114684671163559
23550.984	-3.55580449104309	0
23551.994	-3.31005314365029	0
23553.006	-3.39197018183768	0.0380655489861965
23554.018	-2.40791426040232	0.0766191184520721
23555.03	-3.39197018183768	0
23556.04	-3.63772176206112	0.0766191184520721
23557.05	-3.72068909928203	0.0380655489861965
23558.062	-3.39197018183768	0.0380655489861965
23559.074	-3.63772176206112	0
23560.086	-3.39197018183768	0.0766191184520721
23561.096	-3.31005314365029	0.0766191184520721
23562.108	-3.55580449104309	0.0380655489861965
23563.12	-2.48983129858971	0.0380655489861965
23564.132	-3.55580449104309	0.0766191184520721
23565.142	-3.80260613746941	0.0380655489861965
23566.154	-3.80260613746941	0.0766191184520721
23567.166	-3.63772176206112	0.0380655489861965
23568.176	-3.39197018183768	0
23569.188	-3.63772176206112	0.0380655489861965
23570.198	-3.47388745285571	0.0380655489861965
23571.21	-3.47388745285571	0.0380655489861965
23572.222	-3.47388745285571	0
23573.234	-3.31005314365029	0.0380655489861965
23574.246	-3.55580449104309	0.0766191184520721
23575.256	-3.80260613746941	0.0380655489861965
23576.268	-3.55580449104309	0.0380655489861965
23577.278	-3.63772176206112	0.0766191184520721
23578.29	-3.55580449104309	0.0766191184520721
23579.302	-3.39197018183768	0.0766191184520721
23580.312	-3.31005314365029	0
23581.324	-3.63772176206112	0.0380655489861965
23582.336	-3.31005314365029	0.114684671163559
23583.346	-3.63772176206112	0.114684671163559
23584.358	-3.63772176206112	0.0766191184520721
23585.37	-3.14621883444488	0.0766191184520721
23586.38	-3.63772176206112	0.0766191184520721
23587.392	-3.55580449104309	0.114684671163559
23588.402	-3.55580449104309	0.0380655489861965
23589.414	-3.72068909928203	0.0766191184520721
23590.426	-3.72068909928203	0.0766191184520721
23591.438	-3.63772176206112	0.0766191184520721
23592.448	-2.65366560779512	0.0766191184520721
23593.46	-3.22813587263227	0.0766191184520721
23594.472	-2.98133422620595	0.0766191184520721
23595.482	-3.80260613746941	0.0380655489861965
23596.494	-4.29410906508565	0.114684671163559
23597.506	-3.39197018183768	0.0766191184520721
23598.518	-3.31005314365029	0.0380655489861965
23599.528	-3.63772176206112	0.114684671163559
23600.54	-2.73558287881315	0.114684671163559
23601.552	-3.47388745285571	0.0766191184520721
23602.562	-3.55580449104309	0
23603.574	-3.55580449104309	0.114684671163559
23604.586	-3.96644044667482	0.0766191184520721
23605.598	-2.89941718801856	0.0766191184520721
23606.608	-3.63772176206112	0.114684671163559
23607.62	-3.63772176206112	0.0766191184520721
23608.63	-3.63772176206112	0.0766191184520721
23609.642	-2.98133422620595	0.0380655489861965
23610.654	-3.39197018183768	0.0766191184520721
23611.664	-3.63772176206112	0.0766191184520721
23612.676	-2.32494692318141	0
23613.688	-3.88452340848744	0.0766191184520721
23614.7	-3.47388745285571	0.0766191184520721
23615.71	-3.63772176206112	0.0766191184520721
23616.722	-3.39197018183768	0.0766191184520721
23617.734	-3.22813587263227	0.0380655489861965
23618.744	-3.55580449104309	0.114684671163559
23619.756	-3.63772176206112	0.0766191184520721
23620.768	-3.06430156342685	0.0766191184520721
23621.78	-3.72068909928203	0.0766191184520721
23622.79	-3.55580449104309	0.0766191184520721
23623.802	-2.32494692318141	0
23624.814	-3.31005314365029	0.114684671163559
23625.826	-2.48983129858971	0.0766191184520721
23626.836	-3.55580449104309	0
23627.846	-3.63772176206112	0.152750223875046
23628.858	-3.63772176206112	0.114684671163559
23629.87	-2.98133422620595	0
23630.882	-3.39197018183768	0.0766191184520721
23631.892	-3.14621883444488	0.0766191184520721
23632.904	-3.47388745285571	0.114684671163559
23633.916	-3.47388745285571	0.0766191184520721
23634.926	-3.39197018183768	0.0380655489861965
23635.938	-3.47388745285571	0.0766191184520721
23636.95	-3.47388745285571	0
23637.962	-3.39197018183768	0.0766191184520721
23638.972	-2.81749991700053	0.0766191184520721
23639.984	-3.72068909928203	0
23640.994	-3.55580449104309	0.0766191184520721
23642.006	-3.39197018183768	0.0766191184520721
23643.018	-3.22813587263227	0.114684671163559
23644.028	-2.73558287881315	0
23645.04	-3.39197018183768	0.0766191184520721
23646.052	-3.55580449104309	0.0766191184520721
23647.062	-3.47388745285571	0.0766191184520721
23648.074	-2.89941718801856	0.0766191184520721
23649.086	-3.06430156342685	0.0380655489861965
23650.096	-3.55580449104309	0.0766191184520721
23651.11	-3.14621883444488	0.114684671163559
23652.12	-3.80260613746941	0
23653.132	-2.24302965216339	0.114684671163559
23654.144	-3.31005314365029	0.0766191184520721
23655.154	-3.14621883444488	0.114684671163559
23656.166	-3.14621883444488	0.0766191184520721
23657.178	-3.55580449104309	0.0766191184520721
23658.188	-2.73558287881315	0
23659.2	-3.14621883444488	0.0766191184520721
23660.212	-3.47388745285571	0.0766191184520721
23661.222	-3.39197018183768	0.0766191184520721
23662.234	-3.63772176206112	0.0380655489861965
23663.246	-3.31005314365029	0
23664.258	-3.63772176206112	0.0380655489861965
23665.27	-3.39197018183768	0.0766191184520721
23666.28	-3.55580449104309	0
23667.29	-3.47388745285571	0.0766191184520721
23668.302	-3.39197018183768	0.0766191184520721
23669.314	-3.39197018183768	0
23670.326	-3.31005314365029	0.0380655489861965
23671.336	-3.63772176206112	0.114684671163559
23672.348	-3.55580449104309	0.0766191184520721
23673.358	-3.14621883444488	0.0380655489861965
23674.37	-3.47388745285571	0
23675.382	-3.72068909928203	0.114684671163559
23676.394	-3.39197018183768	0.0766191184520721
23677.406	-3.39197018183768	0
23678.416	-3.55580449104309	0.114684671163559
23679.428	-3.39197018183768	0.0766191184520721
23680.438	-3.31005314365029	0
23681.45	-3.31005314365029	0.0766191184520721
23682.462	-2.73558287881315	0.0380655489861965
23683.474	-3.31005314365029	0
23684.484	-3.63772176206112	0
23685.496	-3.63772176206112	0.0766191184520721
23686.508	-3.55580449104309	0.0766191184520721
23687.52	-3.63772176206112	0.114684671163559
23688.53	-3.39197018183768	0.0766191184520721
23689.542	-3.14621883444488	0.0766191184520721
23690.554	-2.98133422620595	0.0380655489861965
23691.564	-1.99727830477059	0.0380655489861965
23692.576	-3.31005314365029	0.0766191184520721
23693.588	-1.75152672454715	0.0380655489861965
23694.598	-3.80260613746941	0.0380655489861965
23695.61	-2.65366560779512	0.0380655489861965
23696.622	-2.81749991700053	0.0766191184520721
23697.632	-3.55580449104309	0.0766191184520721
23698.644	-3.55580449104309	0.0380655489861965
23699.656	-3.14621883444488	0.0766191184520721
23700.666	-2.89941718801856	0
23701.678	-3.55580449104309	0.0766191184520721
23702.688	-3.39197018183768	0
23703.7	-3.47388745285571	0.0766191184520721
23704.712	-3.39197018183768	0.0766191184520721
23705.722	-3.39197018183768	0.0380655489861965
23706.734	-3.39197018183768	0.0766191184520721