"sec"	µA	"mV"
2401.372	-0.848337658680975	199.783615112305
2402.017	-261.106461286545	0.114684671163559
2403.029	-70.1796561479568	0.0766191184520721
2404.04	-38.918811827898	0.0766191184520721
2405.051	-27.8421398252249	0.114684671163559
2406.063	-22.0165699720383	0.114684671163559
2407.074	-18.98143440485	0.0766191184520721
2408.085	-16.8484374880791	0.0766191184520721
2409.095	-15.2888605371118	0.114684671163559
2410.108	-14.2228873446584	0.0766191184520721
2411.119	-13.6484177783132	0.114684671163559
2412.13	-12.8271458670497	0.0380655489861965
2413.141	-12.5813940539956	0.114684671163559
2414.153	-11.9250062853098	0.114684671163559
2415.164	-11.5143703296781	0.0766191184520721
2416.176	-11.5143703296781	0.0766191184520721
2417.187	-11.1867021769285	0.114684671163559
2418.198	-10.7760662212968	0.114684671163559
2419.21	-10.6941489502788	0.0766191184520721
2420.222	-10.3664807975292	0.0766191184520721
2421.233	-10.3664807975292	0.114684671163559
2422.244	-10.201595723629	0.0766191184520721
2423.257	-10.2845635265112	0.0766191184520721
2424.268	-10.119678452611	0.0766191184520721
2425.278	-9.87392757087946	0.0766191184520721
2426.291	-9.87392757087946	0.0766191184520721
2427.302	-9.46329161524773	0.0766191184520721
2428.313	-9.46329161524773	0.152750223875046
2429.324	-9.46329161524773	0.0766191184520721
2430.336	-9.46329161524773	0.0766191184520721
2431.346	-9.46329161524773	0.0766191184520721
2432.358	-9.29945707321167	0.152750223875046
2433.37	-9.21753980219364	0.190815761685371
2434.38	-9.21753980219364	0.114684671163559
2435.392	-9.29945707321167	0.0380655489861965
2436.404	-9.13562253117561	0.114684671163559
2437.415	-9.13562253117561	0.0766191184520721
2438.426	-8.97178798913956	0.0380655489861965
2439.438	-8.97178798913956	0.0766191184520721
2440.45	-8.72498657554388	0.0766191184520721
2441.462	-8.80690384656191	0.0766191184520721
2442.472	-8.97178798913956	0.114684671163559
2443.483	-8.72498657554388	0.0766191184520721
2444.496	-8.97178798913956	0.114684671163559
2445.506	-8.72498657554388	0.0766191184520721
2446.518	-8.97178798913956	0.0766191184520721
2447.53	-8.97178798913956	0.0766191184520721
2448.54	-7.98668246716261	0.0766191184520721
2449.552	-8.80690384656191	0.0766191184520721
2450.563	-8.56115203350782	0.0380655489861965
2451.575	-8.80690384656191	0.0766191184520721
2452.585	-8.80690384656191	0.114684671163559
2453.598	-7.98668246716261	0.114684671163559
2454.608	-8.80690384656191	0.114684671163559
2455.62	-8.72498657554388	0.0766191184520721
2456.631	-8.31540115177631	0.114684671163559
2457.643	-8.72498657554388	0.0380655489861965
2458.654	-8.64306930452585	0.0766191184520721
2459.665	-8.56115203350782	0
2460.676	-8.31540115177631	0.114684671163559
2461.687	-8.47923569381237	0.0766191184520721
2462.7	-8.31540115177631	0.0380655489861965
2463.71	-8.39731842279434	0.0766191184520721
2464.722	-8.47923569381237	0.114684671163559
2465.734	-8.31540115177631	0.0766191184520721
2466.745	-8.15051607787609	0.0380655489861965
2467.756	-8.15051607787609	0
2468.766	-8.06859973818064	0.0766191184520721
2469.779	-8.06859973818064	0.0766191184520721
2470.79	-8.31540115177631	0.114684671163559
2471.801	-8.31540115177631	0.0766191184520721
2472.813	-8.31540115177631	0.114684671163559
2473.824	-8.06859973818064	0.0766191184520721
2474.836	-8.15051607787609	0.0380655489861965
2475.847	-8.31540115177631	0.0766191184520721
2476.859	-8.31540115177631	0.0380655489861965
2477.87	-8.31540115177631	0.114684671163559
2478.881	-8.15051607787609	0.0380655489861965
2479.892	-8.15051607787609	0.0380655489861965
2480.905	-7.49412924051285	0.0766191184520721
2481.915	-8.15051607787609	0.114684671163559
2482.928	-8.23243334889412	0.0766191184520721
2483.938	-8.15051607787609	0.0766191184520721
2484.95	-8.23243334889412	0.0766191184520721
2485.961	-8.15051607787609	0.0380655489861965
2486.972	-8.15051607787609	0.0766191184520721
2487.983	-8.31540115177631	0.114684671163559
2488.994	-8.23243334889412	0.0766191184520721
2490.006	-8.06859973818064	0.0766191184520721
2491.017	-8.06859973818064	-0.0380655489861965
2492.029	-7.90476519614458	0.0766191184520721
2493.04	-8.15051607787609	0.0766191184520721
2494.052	-8.06859973818064	0.0766191184520721
2495.063	-8.06859973818064	0.0766191184520721
2496.074	-7.90476519614458	0.114684671163559
2497.086	-8.06859973818064	0.0766191184520721
2498.097	-8.23243334889412	0.152750223875046
2499.109	-8.06859973818064	0.114684671163559
2500.12	-8.06859973818064	0.0766191184520721
2501.132	-7.98668246716261	0.0380655489861965
2502.143	-7.98668246716261	0.0766191184520721
2503.155	-7.98668246716261	0.0766191184520721
2504.166	-7.90476519614458	0.114684671163559
2505.177	-7.98668246716261	0.0766191184520721
2506.189	-7.90476519614458	0.114684671163559
2507.199	-7.98668246716261	0.114684671163559
2508.211	-8.06859973818064	0.0380655489861965
2509.222	-7.90476519614458	0.0766191184520721
2510.234	-7.90476519614458	0.0766191184520721
2511.245	-7.98668246716261	0.114684671163559
2512.256	-7.90476519614458	0
2513.268	-7.90476519614458	0.114684671163559
2514.279	-7.74093065410852	0
2515.291	-7.90476519614458	0.114684671163559
2516.302	-7.98668246716261	0.0766191184520721
2517.314	-8.15051607787609	0.0766191184520721
2518.325	-8.06859973818064	0.0380655489861965
2519.337	-7.74093065410852	0.0766191184520721
2520.347	-7.57604604586959	0.0766191184520721
2521.358	-7.74093065410852	0.190815761685371
2522.37	-7.90476519614458	0.0766191184520721
2523.381	-7.90476519614458	0.0766191184520721
2524.393	-7.82284792512655	0.0766191184520721
2525.404	-7.90476519614458	0.0380655489861965
2526.416	-8.06859973818064	0.0766191184520721
2527.426	-7.6590133830905	0.0766191184520721
2528.438	-7.82284792512655	0.114684671163559
2529.449	-7.98668246716261	0.0766191184520721
2530.461	-7.98668246716261	0.0766191184520721
2531.472	-7.82284792512655	0.0766191184520721
2532.483	-7.98668246716261	0.0766191184520721
2533.495	-8.15051607787609	0.0766191184520721
2534.506	-8.23243334889412	0.0766191184520721
2535.518	-7.90476519614458	0.114684671163559
2536.529	-7.82284792512655	0.0380655489861965
2537.541	-7.90476519614458	0.0766191184520721
2538.552	-7.90476519614458	0.0766191184520721
2539.563	-7.98668246716261	0.114684671163559
2540.575	-7.6590133830905	0.114684671163559
2541.586	-7.98668246716261	0.0766191184520721
2542.598	-7.98668246716261	0.0380655489861965
2543.609	-7.90476519614458	0.0766191184520721
2544.621	-7.82284792512655	0.0380655489861965
2545.632	-7.90476519614458	0.0766191184520721
2546.643	-7.82284792512655	0.152750223875046
2547.654	-7.98668246716261	0.114684671163559
2548.665	-7.90476519614458	0.0766191184520721
2549.677	-7.41221196949482	0.0766191184520721
2550.688	-7.82284792512655	0.0766191184520721
2551.7	-7.82284792512655	0.0766191184520721
2552.711	-8.06859973818064	0.114684671163559
2553.723	-7.82284792512655	0.0766191184520721
2554.735	-7.82284792512655	0.114684671163559
2555.747	-7.6590133830905	0.114684671163559
2556.757	-7.82284792512655	0.0380655489861965
2557.768	-7.82284792512655	0.114684671163559
2558.78	-7.74093065410852	0.0380655489861965
2559.791	-7.82284792512655	0.114684671163559
2560.804	-7.98668246716261	0.114684671163559
2561.814	-7.98668246716261	0.0766191184520721
2562.827	-7.74093065410852	0.114684671163559
2563.837	-7.98668246716261	0.114684671163559
2564.849	-7.82284792512655	0.152750223875046
2565.86	-7.6590133830905	0.0766191184520721
2566.87	-8.06859973818064	0.0766191184520721
2567.882	-7.74093065410852	0.0380655489861965
2568.894	-7.82284792512655	0.0766191184520721
2569.906	-7.90476519614458	0.0766191184520721
2570.916	-7.90476519614458	0.0766191184520721
2571.928	-7.49412924051285	0.0766191184520721
2572.939	-7.82284792512655	0.114684671163559
2573.951	-7.82284792512655	0.0766191184520721
2574.963	-7.90476519614458	0.0766191184520721
2575.974	-7.74093065410852	0.0766191184520721
2576.985	-7.82284792512655	0.114684671163559
2577.997	-7.82284792512655	0.114684671163559
2579.008	-7.90476519614458	0.0766191184520721
2580.019	-7.82284792512655	0.0766191184520721
2581.03	-7.82284792512655	0.0380655489861965
2582.041	-7.82284792512655	0.114684671163559
2583.052	-7.82284792512655	0.0380655489861965
2584.064	-7.74093065410852	0.190815761685371
2585.075	-7.74093065410852	0.0766191184520721
2586.086	-7.6590133830905	0.114684671163559
2587.097	-6.91965874284506	0.0766191184520721
2588.11	-7.90476519614458	0.0766191184520721
2589.121	-7.90476519614458	0.0766191184520721
2590.133	-7.82284792512655	0.0766191184520721
2591.143	-7.82284792512655	0.0766191184520721
2592.156	-7.90476519614458	0.0766191184520721
2593.167	-7.82284792512655	0.114684671163559
2594.177	-7.82284792512655	0.114684671163559
2595.189	-7.74093065410852	0.114684671163559
2596.201	-7.90476519614458	0.114684671163559
2597.212	-7.82284792512655	0.114684671163559
2598.224	-7.74093065410852	0.0766191184520721
2599.236	-7.82284792512655	0.114684671163559
2600.246	-7.74093065410852	0.114684671163559
2601.257	-7.82284792512655	0.114684671163559
2602.269	-7.82284792512655	0.114684671163559
2603.28	-7.6590133830905	0.0766191184520721
2604.292	-7.6590133830905	0.0766191184520721
2605.303	-7.6590133830905	0
2606.315	-7.6590133830905	0.114684671163559
2607.325	-7.74093065410852	0.114684671163559
2608.337	-7.74093065410852	0.0766191184520721
2609.348	-7.57604604586959	0.0766191184520721
2610.36	-7.74093065410852	0.114684671163559
2611.371	-7.6590133830905	0.0766191184520721
2612.383	-7.82284792512655	0.114684671163559
2613.395	-7.82284792512655	0.0766191184520721
2614.405	-7.6590133830905	0.0380655489861965
2615.417	-7.6590133830905	0.114684671163559
2616.428	-7.74093065410852	0.114684671163559
2617.439	-7.82284792512655	0.0766191184520721
2618.452	-7.57604604586959	0.0766191184520721
2619.462	-7.82284792512655	0.0766191184520721
2620.475	-7.6590133830905	0.0766191184520721
2621.485	-7.49412924051285	0
2622.498	-7.57604604586959	0.0766191184520721
2623.508	-7.6590133830905	0.0766191184520721
2624.52	-7.74093065410852	0.0766191184520721
2625.531	-7.57604604586959	0.0766191184520721
2626.541	-7.74093065410852	0.0766191184520721
2627.553	-7.82284792512655	0.114684671163559
2628.565	-7.6590133830905	0.0766191184520721
2629.576	-7.57604604586959	0.114684671163559
2630.588	-7.57604604586959	0.114684671163559
2631.599	-7.82284792512655	0.0380655489861965
2632.61	-7.74093065410852	0.0766191184520721
2633.622	-7.6590133830905	0.152750223875046
2634.665	-7.57604604586959	0.0766191184520721
2635.644	-7.6590133830905	0.114684671163559
2636.656	-7.57604604586959	0.114684671163559
2637.667	-7.49412924051285	0.0766191184520721
2638.68	-7.82284792512655	0.0766191184520721
2639.852	-7.6590133830905	0.114684671163559
2640.749	-7.6590133830905	0.0766191184520721
2641.712	-7.57604604586959	0.114684671163559
2642.724	-7.57604604586959	0.0766191184520721
2643.739	-7.6590133830905	0.114684671163559
2644.833	-7.6590133830905	0.0766191184520721
2646.075	-7.6590133830905	0.0766191184520721
2646.768	-7.41221196949482	0.0766191184520721
2647.78	-7.82284792512655	0.0766191184520721
2648.791	-7.49412924051285	0.0380655489861965
2649.803	-7.49412924051285	0.114684671163559
2650.814	-7.6590133830905	0.0380655489861965
2651.826	-7.6590133830905	0.0766191184520721
2652.837	-7.49412924051285	0.0766191184520721
2653.848	-7.41221196949482	0.0766191184520721
2654.86	-7.57604604586959	0.114684671163559
2655.871	-7.57604604586959	0.0766191184520721
2656.883	-7.6590133830905	0.0766191184520721
2657.894	-7.57604604586959	0.114684671163559
2658.906	-7.57604604586959	0.0380655489861965
2659.917	-7.33029469847679	0.0766191184520721
2660.928	-7.41221196949482	0.0766191184520721
2661.94	-7.33029469847679	0.114684671163559
2662.951	-7.41221196949482	0.152750223875046
2663.963	-7.57604604586959	0.0766191184520721
2664.973	-7.57604604586959	0.114684671163559
2665.985	-7.33029469847679	0.0766191184520721
2666.996	-7.24837742745876	0.0766191184520721
2668.008	-7.41221196949482	0.0766191184520721
2669.019	-7.33029469847679	0.0766191184520721
2670.031	-7.49412924051285	0.114684671163559
2671.042	-7.24837742745876	0.0766191184520721
2672.053	-7.41221196949482	0.0766191184520721
2673.065	-7.24837742745876	0.0766191184520721
2674.076	-7.41221196949482	0.114684671163559
2675.088	-7.41221196949482	0.0766191184520721
2676.099	-7.33029469847679	0.114684671163559
2677.111	-7.49412924051285	0.0766191184520721
2678.122	-7.41221196949482	0.0766191184520721
2679.133	-7.33029469847679	0.114684671163559
2680.145	-7.41221196949482	0.114684671163559
2681.156	-7.41221196949482	0.0766191184520721
2682.168	-7.24837742745876	0.0766191184520721
2683.179	-7.41221196949482	0.0380655489861965
2684.19	-7.24837742745876	0.114684671163559
2685.201	-7.24837742745876	0.0766191184520721
2686.213	-7.24837742745876	0.0766191184520721
2687.224	-7.41221196949482	0.0766191184520721
2688.235	-7.49412924051285	0.114684671163559
2689.247	-7.33029469847679	0.0766191184520721
2690.258	-7.41221196949482	0.114684671163559
2691.27	-7.41221196949482	0.114684671163559
2692.281	-7.41221196949482	0.0766191184520721
2693.417	-7.41221196949482	0.114684671163559
2694.304	-7.24837742745876	0.114684671163559
2695.316	-7.41221196949482	0.114684671163559
2696.327	-7.24837742745876	0.114684671163559
2697.338	-7.33029469847679	0.114684671163559
2698.35	-7.41221196949482	0.114684671163559
2699.361	-7.57604604586959	0.0766191184520721
2700.372	-7.33029469847679	0.152750223875046