"sec"	µA	"mV"
300.946	-0.848337658680975	196.351867675781
301.394	-382.456243038177	0.0766191184520721
302.405	-72.887122631073	0.0766191184520721
303.417	-39.5751968026161	0.0766191184520721
304.427	-28.4985266625881	0.152750223875046
305.438	-22.7559246122837	0.114684671163559
306.45	-19.5559039711952	0.0766191184520721
307.46	-17.4218583852053	0.152750223875046
308.472	-16.1090828478336	0.114684671163559
309.483	-15.0431096553802	0.0766191184520721
310.495	-14.5505564287305	0.0766191184520721
311.506	-13.6484177783132	0.114684671163559
312.518	-13.4016154333949	0.0766191184520721
313.529	-12.8271458670497	0.0766191184520721
314.541	-12.9920300096273	0.0380655489861965
315.552	-12.3356422409415	0.0766191184520721
316.563	-11.6792554035783	0.0766191184520721
317.575	-11.9250062853098	0.0766191184520721
318.586	-11.4324539899826	0.0766191184520721
319.598	-11.2686194479465	0.0766191184520721
320.609	-11.1867021769285	0.114684671163559
321.621	-11.0228676348925	0.0766191184520721
322.632	-10.9409503638744	0.0766191184520721
323.643	-11.1047849059105	0
324.655	-10.6941489502788	0.0766191184520721
325.666	-10.6941489502788	0.0766191184520721
326.678	-10.7760662212968	0.0380655489861965
327.688	-10.6941489502788	0.0766191184520721
328.7	-10.4483971372247	0.0766191184520721
329.711	-10.201595723629	0.114684671163559
330.723	-10.119678452611	0.0766191184520721
331.734	-10.2845635265112	0.0766191184520721
332.745	-10.201595723629	0.0766191184520721
333.757	-10.119678452611	0.0766191184520721
334.768	-10.119678452611	0.152750223875046
335.78	-10.0377611815929	0.0766191184520721
336.791	-10.119678452611	0.0766191184520721
337.803	-9.95584484189749	0.0766191184520721
338.814	-10.0377611815929	0.114684671163559
339.826	-9.87392757087946	0.0766191184520721
340.837	-10.0377611815929	0.114684671163559
341.848	-9.79201029986143	0.0766191184520721
342.86	-9.87392757087946	0.114684671163559
343.871	-9.79201029986143	0.0380655489861965
344.883	-9.7100930288434	0.0766191184520721
345.894	-9.62817575782537	0.0766191184520721
346.905	-9.62817575782537	0.0766191184520721
347.916	-9.46329161524773	0.152750223875046
348.928	-9.62817575782537	0.0766191184520721
349.939	-9.46329161524773	0.0766191184520721
350.95	-9.54520888626575	0.0766191184520721
351.962	-9.62817575782537	0.0380655489861965
352.973	-9.29945707321167	0.0766191184520721
353.985	-9.54520888626575	0.0766191184520721
354.996	-9.3813743442297	0.190815761685371
356.008	-9.3813743442297	0.0766191184520721
357.019	-9.3813743442297	0.114684671163559
358.031	-9.3813743442297	0.0380655489861965
359.042	-9.46329161524773	0.114684671163559
360.052	-9.3813743442297	0.0766191184520721
361.064	-9.3813743442297	0.0380655489861965
362.075	-9.46329161524773	0.114684671163559
363.087	-9.29945707321167	0.0766191184520721
364.098	-9.3813743442297	0.114684671163559
365.11	-9.3813743442297	0.0766191184520721
366.121	-9.21753980219364	0.0766191184520721
367.132	-9.13562253117561	0.114684671163559
368.143	-9.21753980219364	0.114684671163559
369.155	-9.21753980219364	0.0766191184520721
370.167	-9.21753980219364	0.0766191184520721
371.177	-9.13562253117561	0.0766191184520721
372.189	-9.05370526015759	0.114684671163559
373.2	-9.13562253117561	0.0766191184520721
374.212	-9.13562253117561	0.114684671163559
375.224	-8.97178798913956	0.114684671163559
376.234	-9.3813743442297	0.0766191184520721
377.246	-9.29945707321167	0.0766191184520721
378.258	-9.13562253117561	0.0766191184520721
379.269	-9.13562253117561	0.0766191184520721
380.281	-8.97178798913956	0.0380655489861965
381.292	-8.97178798913956	0.0766191184520721
382.303	-8.97178798913956	0.0766191184520721
383.316	-8.97178798913956	0.0766191184520721
384.326	-9.05370526015759	0.0766191184520721
385.338	-8.88882111757994	0.114684671163559
386.349	-9.05370526015759	0.0766191184520721
387.361	-8.97178798913956	0.114684671163559
388.371	-8.97178798913956	0.0766191184520721
389.383	-8.72498657554388	0.0766191184520721
390.395	-9.13562253117561	0.0766191184520721
391.406	-8.88882111757994	0.114684671163559
392.418	-8.97178798913956	0.0766191184520721
393.429	-8.80690384656191	0.114684671163559
394.44	-8.97178798913956	0.0766191184520721
395.452	-8.72498657554388	0.114684671163559
396.462	-9.05370526015759	0.114684671163559
397.474	-8.72498657554388	0.114684671163559
398.485	-8.88882111757994	0.0766191184520721
399.498	-8.97178798913956	0.114684671163559
400.509	-8.88882111757994	0.114684671163559
401.521	-8.88882111757994	0.0766191184520721
402.531	-8.80690384656191	0.0766191184520721
403.543	-8.88882111757994	0.0380655489861965
404.555	-8.88882111757994	0.114684671163559
405.564	-8.97178798913956	0.0766191184520721
406.577	-8.88882111757994	0.0766191184520721
407.587	-8.80690384656191	0.114684671163559
408.599	-8.72498657554388	0.0766191184520721
409.61	-9.05370526015759	0.0766191184520721
410.622	-8.97178798913956	0.0766191184520721
411.634	-8.97178798913956	0.0766191184520721
412.644	-8.88882111757994	0.0766191184520721
413.656	-8.88882111757994	0.114684671163559
414.668	-8.88882111757994	0.114684671163559
415.68	-8.80690384656191	0.0766191184520721
416.69	-8.97178798913956	0.114684671163559
417.702	-8.64306930452585	0.0380655489861965
418.713	-8.80690384656191	0.114684671163559
419.726	-8.88882111757994	0.114684671163559
420.735	-8.80690384656191	0.114684671163559
421.747	-8.88882111757994	0.0766191184520721
422.758	-8.97178798913956	0.114684671163559
423.769	-8.72498657554388	0.114684671163559
424.781	-8.80690384656191	0.0766191184520721
425.791	-8.80690384656191	0.114684671163559
426.803	-8.72498657554388	0.0766191184520721
427.814	-8.56115203350782	0.114684671163559
428.826	-8.80690384656191	0.114684671163559
429.837	-8.80690384656191	0.114684671163559
430.85	-8.72498657554388	0.0766191184520721
431.861	-8.80690384656191	0.114684671163559
432.871	-8.72498657554388	0.0766191184520721
433.883	-8.72498657554388	0.114684671163559
434.894	-8.72498657554388	0.114684671163559
435.907	-8.72498657554388	0.114684671163559
436.917	-8.80690384656191	0.0766191184520721
437.928	-8.72498657554388	0.0766191184520721
438.94	-8.56115203350782	0.114684671163559
439.951	-8.72498657554388	0.114684671163559
440.963	-8.64306930452585	0.114684671163559
441.975	-8.56115203350782	0.0766191184520721
442.986	-8.56115203350782	0.0766191184520721
443.997	-8.56115203350782	0.114684671163559
445.009	-8.80690384656191	0.152750223875046
446.019	-8.56115203350782	0.0766191184520721
447.031	-8.72498657554388	0.0766191184520721
448.042	-8.64306930452585	0.114684671163559
449.054	-8.72498657554388	0.114684671163559
450.065	-8.56115203350782	0.0766191184520721
451.077	-8.47923569381237	0.0766191184520721
452.089	-8.56115203350782	0.0766191184520721
453.099	-8.47923569381237	0.114684671163559
454.112	-8.47923569381237	0.114684671163559
455.122	-8.39731842279434	0.0766191184520721
456.133	-8.47923569381237	0
457.146	-8.47923569381237	0
458.156	-8.31540115177631	0.0766191184520721
459.169	-8.47923569381237	0.0380655489861965
460.18	-8.39731842279434	0.114684671163559
461.191	-8.47923569381237	0.114684671163559
462.202	-8.39731842279434	0.0766191184520721
463.214	-8.47923569381237	0.0766191184520721
464.225	-8.47923569381237	0.114684671163559
465.235	-8.31540115177631	0.114684671163559
466.247	-8.39731842279434	0.114684671163559
467.258	-8.39731842279434	0.0766191184520721
468.27	-8.47923569381237	0.0766191184520721
469.281	-8.56115203350782	0.0766191184520721
470.293	-8.31540115177631	0.0766191184520721
471.304	-8.31540115177631	0.0380655489861965
472.315	-8.31540115177631	0
473.327	-8.39731842279434	0.114684671163559
474.338	-8.47923569381237	0
475.35	-8.39731842279434	0.0766191184520721
476.361	-8.23243334889412	0.114684671163559
477.373	-8.39731842279434	0.0380655489861965
478.384	-8.31540115177631	0.0380655489861965
479.396	-8.47923569381237	0.114684671163559
480.406	-8.31540115177631	0.0380655489861965
481.417	-8.31540115177631	0.114684671163559
482.429	-8.23243334889412	0.0766191184520721
483.44	-8.31540115177631	0.0766191184520721
484.451	-8.31540115177631	0.114684671163559
485.462	-8.47923569381237	0.0766191184520721
486.474	-8.31540115177631	0.114684671163559
487.485	-8.31540115177631	0.0380655489861965
488.497	-8.31540115177631	0.0766191184520721
489.508	-8.31540115177631	0.0380655489861965
490.519	-8.31540115177631	0.0766191184520721
491.531	-8.15051607787609	0.0766191184520721
492.542	-8.39731842279434	0.114684671163559
493.554	-8.31540115177631	0.0766191184520721
494.565	-8.15051607787609	0.114684671163559
495.577	-8.39731842279434	0.0766191184520721
496.588	-8.31540115177631	0.114684671163559
497.6	-8.31540115177631	0.0766191184520721
498.611	-8.31540115177631	0.0766191184520721
499.622	-8.15051607787609	0.114684671163559
500.634	-8.31540115177631	0.0766191184520721
501.645	-8.23243334889412	0.152750223875046
502.657	-8.23243334889412	0.0766191184520721
503.668	-8.31540115177631	0.0766191184520721
504.679	-8.47923569381237	0.0766191184520721
505.69	-8.31540115177631	0.114684671163559
506.702	-8.23243334889412	0.0766191184520721
507.713	-8.31540115177631	0.0766191184520721
508.724	-8.47923569381237	0.0766191184520721
509.736	-8.31540115177631	0.114684671163559
510.747	-8.23243334889412	0.0766191184520721
511.759	-8.31540115177631	0.0766191184520721
512.77	-8.39731842279434	0.0766191184520721
513.782	-8.23243334889412	0.0766191184520721
514.793	-8.23243334889412	0.0766191184520721
515.805	-8.31540115177631	0.114684671163559
516.816	-8.39731842279434	0.152750223875046
517.827	-8.15051607787609	0.0766191184520721
518.839	-8.15051607787609	0.114684671163559
519.85	-8.15051607787609	0.0766191184520721
520.862	-8.15051607787609	0.0766191184520721
521.873	-8.15051607787609	0.0380655489861965
522.885	-8.31540115177631	0.114684671163559
523.895	-8.15051607787609	0.0766191184520721
524.907	-8.15051607787609	0.0380655489861965
525.918	-8.15051607787609	0.0380655489861965
526.929	-8.06859973818064	0.0766191184520721
527.942	-8.23243334889412	0.114684671163559
528.953	-8.31540115177631	0.0380655489861965
529.965	-8.23243334889412	0.152750223875046
530.975	-8.15051607787609	0.0766191184520721
531.988	-8.23243334889412	0.0766191184520721
532.998	-8.15051607787609	0.114684671163559
534.01	-8.23243334889412	0.0766191184520721
535.022	-8.15051607787609	0.114684671163559
536.033	-8.06859973818064	0.114684671163559
537.045	-8.15051607787609	0.114684671163559
538.056	-8.06859973818064	0.0766191184520721
539.068	-8.06859973818064	0.0766191184520721
540.078	-7.90476519614458	0.0766191184520721
541.089	-8.15051607787609	0.114684671163559
542.1	-8.15051607787609	0.114684671163559
543.111	-8.06859973818064	0.0766191184520721
544.122	-8.23243334889412	0.0766191184520721
545.133	-7.98668246716261	0.0380655489861965
546.146	-8.06859973818064	0.0766191184520721
547.156	-8.15051607787609	0.0766191184520721
548.168	-7.90476519614458	0.114684671163559
549.18	-7.98668246716261	0.0380655489861965
550.192	-7.90476519614458	0.0380655489861965
551.202	-8.06859973818064	0.114684671163559
552.214	-8.06859973818064	0.114684671163559
553.226	-7.90476519614458	0.0766191184520721
554.237	-8.06859973818064	0.0766191184520721
555.248	-7.98668246716261	0.114684671163559
556.259	-7.90476519614458	0.114684671163559
557.272	-7.98668246716261	0.0766191184520721
558.283	-8.06859973818064	0.0766191184520721
559.295	-8.15051607787609	0.0380655489861965
560.305	-7.90476519614458	0.0766191184520721
561.317	-7.98668246716261	0.114684671163559
562.329	-7.90476519614458	0.0766191184520721
563.339	-8.06859973818064	0.0766191184520721
564.351	-7.98668246716261	0.0766191184520721
565.361	-7.90476519614458	0.0766191184520721
566.374	-7.90476519614458	0.152750223875046
567.384	-7.90476519614458	0.0766191184520721
568.397	-7.98668246716261	0.0766191184520721
569.407	-7.90476519614458	0.0766191184520721
570.418	-7.98668246716261	0.114684671163559
571.431	-7.90476519614458	0.114684671163559
572.441	-7.90476519614458	0.0766191184520721
573.454	-7.98668246716261	0.0766191184520721
574.464	-7.90476519614458	0.0766191184520721
575.477	-7.82284792512655	0.0766191184520721
576.488	-7.82284792512655	0.0766191184520721
577.499	-7.90476519614458	0.0766191184520721
578.511	-7.90476519614458	0.0766191184520721
579.522	-7.98668246716261	0.0380655489861965
580.533	-7.90476519614458	0.0380655489861965
581.545	-7.90476519614458	0.0766191184520721
582.555	-7.90476519614458	0.114684671163559
583.566	-7.74093065410852	0.114684671163559
584.579	-7.82284792512655	0.114684671163559
585.59	-7.90476519614458	0.0766191184520721
586.601	-7.98668246716261	0.0380655489861965
587.612	-7.90476519614458	0.114684671163559
588.623	-7.98668246716261	0.0766191184520721
589.635	-7.82284792512655	0.0766191184520721
590.646	-7.90476519614458	0.114684671163559
591.659	-7.90476519614458	0.114684671163559
592.669	-7.90476519614458	0.0766191184520721
593.682	-7.90476519614458	0.114684671163559
594.693	-7.90476519614458	0.0766191184520721
595.705	-7.90476519614458	0.0766191184520721
596.715	-8.06859973818064	0.0766191184520721
597.727	-7.98668246716261	0.0380655489861965
598.738	-7.90476519614458	0.0766191184520721
599.75	-7.74093065410852	0.0766191184520721
600.76	-7.90476519614458	0.0766191184520721