"sec"	µA	"mV"
6600.604	-0.848337658680975	170.692749023438
6601.234	-233.045637607574	0.0766191184520721
6602.247	-59.5955401659012	0.0380655489861965
6603.258	-31.7804627120495	0.0380655489861965
6604.269	-22.2633704543114	0.0380655489861965
6605.28	-17.0941893011332	0.0380655489861965
6606.291	-14.5505564287305	0.0766191184520721
6607.304	-12.7452285960317	0.0766191184520721
6608.315	-11.5143703296781	0.0766191184520721
6609.326	-10.6941489502788	0
6610.337	-9.87392757087946	0.0766191184520721
6611.348	-9.3813743442297	0.0766191184520721
6612.36	-8.97178798913956	0.114684671163559
6613.37	-8.80690384656191	0.0766191184520721
6614.383	-8.23243334889412	0.0766191184520721
6615.394	-8.06859973818064	0.114684671163559
6616.406	-7.90476519614458	0.114684671163559
6617.416	-7.74093065410852	0.0380655489861965
6618.429	-7.6590133830905	0.0766191184520721
6619.44	-7.41221196949482	0.0766191184520721
6620.45	-7.24837742745876	0
6621.462	-7.08454335108399	0.0766191184520721
6622.473	-7.16646062210202	0.114684671163559
6623.486	-7.00262608006597	0.0766191184520721
6624.496	-6.91965874284506	0.0766191184520721
6625.508	-6.91965874284506	0.0766191184520721
6626.519	-6.91965874284506	0.0766191184520721
6627.531	-6.67390739545226	0.114684671163559
6628.542	-6.59199012443423	0.0380655489861965
6629.553	-6.59199012443423	0.0766191184520721
6630.565	-6.5100728534162	0.0766191184520721
6631.576	-6.42815604805946	0.0380655489861965
6632.588	-6.34623877704144	0.0380655489861965
6633.599	-6.34623877704144	0.0766191184520721
6634.611	-6.26327143982053	0
6635.621	-6.42815604805946	0.0380655489861965
6636.634	-6.26327143982053	0.0766191184520721
6637.644	-6.42815604805946	0.0766191184520721
6638.656	-6.26327143982053	0.114684671163559
6639.667	-6.01752009242773	0.0766191184520721
6640.679	-6.09943689778447	0.114684671163559
6641.69	-6.26327143982053	0.0380655489861965
6642.701	-6.01752009242773	0.0766191184520721
6643.713	-6.01752009242773	0.0766191184520721
6644.724	-6.01752009242773	0.114684671163559
6645.736	-5.9356028214097	0.0380655489861965
6646.747	-5.9356028214097	0.0766191184520721
6647.758	-5.85368555039167	0.0766191184520721
6648.77	-6.01752009242773	0.0766191184520721
6649.781	-5.85368555039167	0.114684671163559
6650.793	-5.9356028214097	0.114684671163559
6651.803	-5.85368555039167	0.0380655489861965
6652.815	-6.01752009242773	0.0766191184520721
6653.827	-6.01752009242773	0.0766191184520721
6654.837	-5.77176827937365	0.114684671163559
6655.849	-6.09943689778447	0.0380655489861965
6656.86	-6.01752009242773	0.114684671163559
6657.872	-5.85368555039167	0.0766191184520721
6658.884	-5.85368555039167	0.114684671163559
6659.896	-5.77176827937365	0.114684671163559
6660.905	-5.77176827937365	0.0766191184520721
6661.917	-5.77176827937365	0.0380655489861965
6662.929	-5.77176827937365	0.0380655489861965
6663.939	-5.6898514740169	0.152750223875046
6664.951	-5.6898514740169	0.114684671163559
6665.962	-5.606884136796	0.0766191184520721
6666.974	-5.6898514740169	0
6667.985	-5.606884136796	0.0380655489861965
6668.997	-5.606884136796	0.0766191184520721
6670.008	-5.6898514740169	0.0766191184520721
6671.02	-5.606884136796	0.152750223875046
6672.031	-5.606884136796	0
6673.042	-5.606884136796	0.0766191184520721
6674.053	-5.606884136796	0.114684671163559
6675.064	-5.6898514740169	0.114684671163559
6676.077	-5.606884136796	0.0380655489861965
6677.088	-5.6898514740169	0.0766191184520721
6678.099	-5.52496686577797	0.0766191184520721
6679.111	-5.606884136796	0.0380655489861965
6680.122	-5.44304959475994	0.114684671163559
6681.133	-5.606884136796	0.0380655489861965
6682.144	-5.606884136796	0.0766191184520721
6683.157	-5.44304959475994	0.0766191184520721
6684.168	-5.606884136796	0
6685.179	-5.44304959475994	0.114684671163559
6686.19	-5.44304959475994	0.114684671163559
6687.202	-5.36113232374191	0.0766191184520721
6688.213	-5.606884136796	0.0766191184520721
6689.225	-5.606884136796	0.0766191184520721
6690.235	-5.606884136796	0.0766191184520721
6691.246	-5.52496686577797	0.0766191184520721
6692.258	-5.606884136796	0.0380655489861965
6693.269	-5.52496686577797	0
6694.281	-5.44304959475994	0.0766191184520721
6695.292	-5.36113232374191	0.0380655489861965
6696.304	-5.52496686577797	0.0766191184520721
6697.315	-5.36113232374191	0.0766191184520721
6698.326	-5.44304959475994	0.0380655489861965
6699.338	-5.44304959475994	0
6700.349	-5.44304959475994	0.0380655489861965
6701.361	-5.36113232374191	0.114684671163559
6702.372	-5.36113232374191	0
6703.384	-5.44304959475994	0.0766191184520721
6704.395	-5.36113232374191	0.114684671163559
6705.407	-5.44304959475994	0.0766191184520721
6706.418	-5.36113232374191	0
6707.429	-5.44304959475994	0
6708.441	-5.27921551838517	0.0766191184520721
6709.452	-5.44304959475994	0.114684671163559
6710.463	-5.27921551838517	0
6711.474	-5.36113232374191	0.0766191184520721
6712.486	-5.36113232374191	0.0380655489861965
6713.497	-5.36113232374191	0.0766191184520721
6714.509	-5.27921551838517	0.114684671163559
6715.52	-5.27921551838517	0.114684671163559
6716.532	-5.27921551838517	0.0766191184520721
6717.543	-5.36113232374191	0.0766191184520721
6718.554	-5.36113232374191	0.0380655489861965
6719.566	-5.36113232374191	0.114684671163559
6720.576	-5.36113232374191	0.0766191184520721
6721.588	-5.27921551838517	0.114684671163559
6722.599	-5.36113232374191	0.0766191184520721
6723.611	-5.44304959475994	0.0380655489861965
6724.622	-5.27921551838517	0.114684671163559
6725.633	-5.36113232374191	0.0766191184520721
6726.645	-5.36113232374191	0.0766191184520721
6727.656	-5.36113232374191	0.114684671163559
6728.668	-5.36113232374191	0.0766191184520721
6729.678	-5.36113232374191	0.0766191184520721
6730.69	-5.36113232374191	0.114684671163559
6731.701	-5.27921551838517	0.0766191184520721
6732.713	-5.36113232374191	0.0766191184520721
6733.724	-5.27921551838517	0.0766191184520721
6734.735	-5.19729824736714	0.0766191184520721
6735.747	-5.19729824736714	0.0766191184520721
6736.758	-5.27921551838517	0.0766191184520721
6737.77	-5.27921551838517	0.0766191184520721
6738.781	-5.36113232374191	0.0766191184520721
6739.793	-5.19729824736714	0.0766191184520721
6740.804	-5.19729824736714	0.0766191184520721
6741.815	-5.36113232374191	0.0766191184520721
6742.827	-5.27921551838517	0.0766191184520721
6743.838	-5.36113232374191	0.0766191184520721
6744.85	-5.19729824736714	0.0766191184520721
6745.861	-5.36113232374191	0.0766191184520721
6746.873	-5.27921551838517	0.0380655489861965
6747.884	-5.27921551838517	0.114684671163559
6748.896	-5.19729824736714	0.0380655489861965
6749.906	-5.36113232374191	0.0766191184520721
6750.917	-5.27921551838517	0
6751.93	-5.36113232374191	0
6752.941	-5.36113232374191	0.114684671163559
6753.953	-5.36113232374191	0.0766191184520721
6754.964	-5.27921551838517	0.0766191184520721
6755.976	-5.36113232374191	0.0766191184520721
6756.987	-5.36113232374191	0.152750223875046
6757.998	-5.27921551838517	0.0380655489861965
6759.009	-5.19729824736714	0.0766191184520721
6760.021	-5.27921551838517	0.0766191184520721
6761.033	-5.27921551838517	0.0766191184520721
6762.043	-5.19729824736714	0.0766191184520721
6763.056	-5.19729824736714	0.114684671163559
6764.067	-5.27921551838517	0.114684671163559
6765.078	-5.19729824736714	0.0766191184520721
6766.089	-5.27921551838517	0.0766191184520721
6767.101	-5.19729824736714	0.0766191184520721
6768.112	-5.19729824736714	0.0766191184520721
6769.123	-5.11538097634912	0.0766191184520721
6770.134	-5.19729824736714	0.0766191184520721
6771.145	-5.19729824736714	0.114684671163559
6772.157	-5.27921551838517	0
6773.168	-5.19729824736714	0.114684671163559
6774.181	-5.19729824736714	0.0766191184520721
6775.192	-5.19729824736714	0.0766191184520721
6776.203	-5.36113232374191	0.0766191184520721
6777.215	-5.27921551838517	0.0766191184520721
6778.226	-5.27921551838517	0.0766191184520721
6779.237	-5.11538097634912	0.0766191184520721
6780.247	-5.11538097634912	0.0766191184520721
6781.26	-5.27921551838517	0.0766191184520721
6782.271	-5.19729824736714	0.114684671163559
6783.283	-5.19729824736714	0.114684671163559
6784.293	-5.36113232374191	0.0766191184520721
6785.305	-5.19729824736714	0.114684671163559
6786.316	-5.03346370533109	0.0766191184520721
6787.327	-5.11538097634912	0.0766191184520721
6788.339	-5.11538097634912	0.0766191184520721
6789.35	-5.03346370533109	0.0766191184520721
6790.361	-5.11538097634912	0.0766191184520721
6791.372	-5.36113232374191	0.0380655489861965
6792.385	-5.19729824736714	0.0766191184520721
6793.396	-5.19729824736714	0.114684671163559
6794.407	-5.11538097634912	0.0766191184520721
6795.419	-5.11538097634912	0.0766191184520721
6796.43	-5.19729824736714	0.0766191184520721
6797.441	-5.11538097634912	0.114684671163559
6798.452	-5.11538097634912	0.0766191184520721
6799.464	-5.03346370533109	0.0766191184520721
6800.475	-5.19729824736714	0.0766191184520721
6801.487	-5.03346370533109	0.0766191184520721
6802.498	-5.11538097634912	0.0766191184520721
6803.509	-5.11538097634912	0.0766191184520721
6804.522	-5.11538097634912	0.114684671163559
6805.532	-5.11538097634912	0.114684671163559
6806.544	-5.19729824736714	0.114684671163559
6807.555	-5.03346370533109	0.0766191184520721
6808.566	-5.11538097634912	0.0766191184520721
6809.577	-5.11538097634912	0.114684671163559
6810.589	-5.11538097634912	0.0766191184520721
6811.601	-5.03346370533109	0.0766191184520721
6812.611	-5.03346370533109	0.0766191184520721
6813.624	-5.11538097634912	0.114684671163559
6814.635	-5.19729824736714	0.0380655489861965
6815.647	-5.11538097634912	0.0766191184520721
6816.657	-5.03346370533109	0.0766191184520721
6817.669	-4.95049636811018	0.0766191184520721
6818.68	-5.11538097634912	0.0766191184520721
6819.692	-5.03346370533109	0.0766191184520721
6820.703	-5.03346370533109	0.0380655489861965
6821.715	-5.19729824736714	0.0766191184520721
6822.726	-5.11538097634912	0.0766191184520721
6823.737	-5.03346370533109	0.114684671163559
6824.749	-5.03346370533109	0.0766191184520721
6825.761	-5.03346370533109	0.114684671163559
6826.772	-5.19729824736714	0.0380655489861965
6827.782	-5.11538097634912	0.114684671163559
6828.794	-5.11538097634912	0.114684671163559
6829.805	-5.03346370533109	0
6830.817	-5.11538097634912	0.0766191184520721
6831.829	-5.11538097634912	0.0766191184520721
6832.84	-4.95049636811018	0.114684671163559
6833.852	-5.11538097634912	0.114684671163559
6834.863	-5.19729824736714	0.0766191184520721
6835.874	-5.03346370533109	0.114684671163559
6836.886	-5.03346370533109	0.0766191184520721
6837.897	-4.95049636811018	0.0766191184520721
6838.908	-4.95049636811018	0.0766191184520721
6839.919	-4.95049636811018	0.0766191184520721
6840.93	-5.03346370533109	0.0766191184520721
6841.941	-5.03346370533109	0.114684671163559
6842.953	-5.11538097634912	0.0766191184520721
6843.964	-5.11538097634912	0.0380655489861965
6844.976	-4.95049636811018	0.114684671163559
6845.987	-5.03346370533109	0.0766191184520721
6846.998	-5.03346370533109	0.114684671163559
6848.009	-5.03346370533109	0.114684671163559
6849.02	-4.95049636811018	0.114684671163559
6850.032	-4.95049636811018	0.114684671163559
6851.043	-4.95049636811018	0.0766191184520721
6852.055	-5.03346370533109	0.114684671163559
6853.066	-4.95049636811018	0.0766191184520721
6854.078	-4.95049636811018	0.152750223875046
6855.089	-4.95049636811018	0
6856.101	-5.11538097634912	0.0766191184520721
6857.112	-5.03346370533109	0.0766191184520721
6858.123	-4.95049636811018	0.0380655489861965
6859.135	-4.95049636811018	0.114684671163559
6860.146	-4.95049636811018	0.152750223875046
6861.158	-4.95049636811018	0.114684671163559
6862.169	-4.95049636811018	0.0766191184520721
6863.181	-4.95049636811018	0.114684671163559
6864.192	-4.95049636811018	0.114684671163559
6865.203	-5.03346370533109	0.114684671163559
6866.215	-4.95049636811018	0.0766191184520721
6867.225	-4.95049636811018	0.0766191184520721
6868.237	-4.86857956275344	0.0766191184520721
6869.248	-4.86857956275344	0.0766191184520721
6870.26	-4.86857956275344	0.114684671163559
6871.271	-4.95049636811018	0.0766191184520721
6872.282	-4.95049636811018	0.114684671163559
6873.294	-5.03346370533109	0.114684671163559
6874.305	-4.95049636811018	0.114684671163559
6875.317	-4.86857956275344	0.0766191184520721
6876.328	-4.95049636811018	0.114684671163559
6877.34	-4.86857956275344	0.114684671163559
6878.351	-4.95049636811018	0.0766191184520721
6879.363	-4.95049636811018	0.114684671163559
6880.374	-4.95049636811018	0.114684671163559
6881.385	-4.86857956275344	0.0766191184520721
6882.397	-4.70474502071738	0.0766191184520721
6883.408	-4.95049636811018	0.0766191184520721
6884.42	-4.95049636811018	0.0766191184520721
6885.431	-4.95049636811018	0.114684671163559
6886.443	-5.03346370533109	0.0766191184520721
6887.453	-4.95049636811018	0.0766191184520721
6888.465	-4.95049636811018	0.0380655489861965
6889.476	-4.70474502071738	0.0766191184520721
6890.487	-4.95049636811018	0.114684671163559
6891.499	-4.86857956275344	0.0766191184520721
6892.51	-4.95049636811018	0.152750223875046
6893.522	-4.86857956275344	0.0766191184520721
6894.533	-4.86857956275344	0.114684671163559
6895.545	-4.86857956275344	0.114684671163559
6896.556	-4.95049636811018	0.114684671163559
6897.568	-4.86857956275344	0.0766191184520721
6898.579	-4.86857956275344	0.114684671163559
6899.59	-4.78666229173541	0.152750223875046
6900.601	-4.78666229173541	0.0766191184520721
6901.612	-4.95049636811018	0.0766191184520721