sec"	"µA"	"mV
1,029    0    -61,5744438171387
2,04    0    -61,4597587585449
3,052    0    -61,3455619812012
4,062    0    -61,3836250305176
5,073    0    -61,3836250305176
6,085    0    -61,1928100585938
7,096    0    -61,1928100585938
8,108    0    -60,9644165039063
9,12    0    -60,9258651733398
10,131    0    -60,8877983093262
11,143    0    -60,8497314453125
12,154    0    -60,8497314453125
13,165    0    -60,5447196960449
14,176    0    -60,620849609375
15,188    0    -60,5447196960449
16,199    0    -60,4685897827148
17,211    0    -60,4305229187012
18,223    0    -60,4305229187012
19,234    0    -60,3158378601074
20,245    0    -60,277774810791
21,256    0    -60,277774810791
22,268    0    -60,2016410827637
23,278    0    -60,3158378601074
24,289    0    -60,277774810791
25,302    0    -60,0874443054199
26,313    0    -59,9727592468262
27,324    0    -60,0874443054199
28,336    0    -59,9727592468262
29,348    0    -59,9346961975098
30,358    0    -59,7824325561523
31,369    0    -59,7058143615723
32,381    0    -59,6296844482422
33,392    0    -59,6296844482422
34,404    0    -59,4774208068848
35,415    0    -59,362735748291
36,427    0    -59,3246688842773
37,438    0    -59,3246688842773
38,45    0    -59,2866058349609
39,461    0    -59,2866058349609
40,472    0    -59,1724090576172
41,484    0    -59,0957908630371
42,495    0    -59,0577239990234
43,506    0    -59,1343421936035
44,517    0    -59,0957908630371
45,529    0    -58,9815940856934
46,54    0    -58,905460357666
47,552    0    -58,7907752990723
48,563    0    -58,8293304443359
49,574    0    -58,7527122497559
50,586    0    -58,6765785217285
51,597    0    -58,5623817443848
52,609    0    -58,5243186950684
53,62    0    -58,5243186950684
54,632    0    -58,3335037231445
55,643    0    -58,3335037231445
56,655    0    -58,104621887207
57,666    0    -58,104621887207
58,677    0    -58,104621887207
59,689    0    -58,0284881591797
60,699    0    -57,9904251098633
61,711    0    -57,9904251098633
62,721    0    -57,8376731872559
63,733    0    -57,9523582458496
64,744    0    -57,9523582458496
65,756    0    -57,8376731872559
66,767    0    -57,7996101379395
67,779    0    -57,7996101379395
68,79    0    -57,7615432739258
69,801    0    -57,5326614379883
70,813    0    -57,4945945739746
71,824    0    -57,4184646606445
72,836    0    -57,4184646606445
73,847    0    -57,3423347473145
74,859    0    -57,3423347473145
75,87    0    -57,113452911377
76,882    0    -57,113452911377
77,893    0    -57,0753860473633
78,904    0    -56,9607009887695
79,916    0    -56,9992561340332
80,927    0    -56,9607009887695
81,939    0    -56,9607009887695
82,949    0    -56,8084411621094
83,961    0    -56,8084411621094
84,972    0    -56,6176261901855
86,145    0    -56,732307434082
86,995    0    -56,732307434082
88,006    0    -56,6942443847656
89,018    0    -56,5795593261719
90,029    0    -56,4653625488281
91,041    0    -56,4653625488281
92,052    0    -56,3126106262207
93,064    0    -56,3126106262207
94,075    0    -56,2364807128906
95,087    0    -56,198413848877
96,099    0    -56,0842170715332
97,11    0    -56,0456657409668
98,121    0    -55,9695358276367
99,133    0    -55,8934020996094
100,145    0    -55,855339050293
100,52    -0,848337658680975    -55,8172721862793
101,156    86,9437381625175    0,228881314396858
102,167    20,5666963011026    0,228881314396858
103,177    9,49002709239721    0,190815761685371
104,19    5,79745369032025    0,190815761685371
105,2    3,99212585762143    0,190815761685371
106,213    2,76126805692911    0,190815761685371
107,223    2,18784809112549    0,228881314396858
108,235    1,85912917368114    0,190815761685371
109,246    1,61337770987302    0,114684671163559
110,257    1,12082459963858    0,114684671163559
111,269    0,874022953212261    0,190815761685371
112,28    0,710188644006848    0,152750223875046
113,292    0,628271489404142    0,190815761685371
114,304    0,628271489404142    0,190815761685371
115,315    0,300602870993316    0,190815761685371
116,326    0,300602870993316    0,152750223875046
117,337    0,300602870993316    0,190815761685371
118,35    0,217635504668579    0,190815761685371
119,361    0,135718350065872    0,190815761685371
120,371    0,217635504668579    0,190815761685371
121,381    0,135718350065872    0,152750223875046
122,394    0,135718350065872    0,190815761685371
123,405    -0,0281159445876256    0,152750223875046
124,417    0,0538012063771021    0,190815761685371
125,427    -0,0281159445876256    0,190815761685371
126,439    -0,0281159445876256    0,190815761685371
127,451    -0,110033091914374    0,190815761685371
128,461    -0,110033091914374    0,190815761685371
129,474    -0,191950239241123    0,152750223875046
130,484    -0,191950239241123    0,190815761685371
131,496    -0,191950239241123    0,266946852207184
132,507    -0,27386739384383    0,190815761685371
133,519    -0,191950239241123    0,152750223875046
134,531    -0,191950239241123    0,228881314396858
135,542    -0,27386739384383    0,114684671163559
136,553    -0,27386739384383    0,228881314396858
137,564    -0,355784548446536    0,228881314396858
138,576    -0,27386739384383    0,190815761685371
139,587    -0,27386739384383    0,190815761685371
140,6    -0,355784548446536    0,190815761685371
141,609    -0,27386739384383    0,266946852207184
142,622    -0,191950239241123    0,190815761685371
143,632    -0,355784548446536    0,266946852207184
144,643    -0,355784548446536    0,266946852207184
145,655    -0,27386739384383    0,190815761685371
146,667    -0,27386739384383    0,190815761685371
147,679    -0,602586194872856    0,190815761685371
148,69    -0,27386739384383    0,190815761685371
149,701    -0,27386739384383    0,228881314396858
150,712    -0,438751914771274    0,190815761685371
151,724    -0,27386739384383    0,190815761685371
152,736    -0,438751914771274    0,228881314396858
153,746    -0,355784548446536    0,190815761685371
154,759    -0,438751914771274    0,152750223875046
155,769    -0,438751914771274    0,190815761685371
156,783    -0,355784548446536    0,266946852207184
157,792    -0,438751914771274    0,266946852207184
158,805    -0,438751914771274    0,190815761685371
159,815    -0,27386739384383    0,190815761685371
160,827    -0,438751914771274    0,190815761685371
161,838    -0,438751914771274    0,152750223875046
162,849    -0,438751914771274    0,190815761685371
163,86    -0,438751914771274    0,190815761685371
164,871    -0,438751914771274    0,190815761685371
165,883    -0,438751914771274    0,114684671163559
166,895    -0,438751914771274    0,190815761685371
167,907    -0,438751914771274    0,152750223875046
168,918    -0,52066904027015    0,190815761685371
169,93    -0,438751914771274    0,190815761685371
170,941    -0,52066904027015    0,190815761685371
171,951    -0,684503349475563    0,114684671163559
172,964    -0,438751914771274    0,190815761685371
173,974    -0,52066904027015    0,190815761685371
174,987    -0,52066904027015    0,228881314396858
175,997    -0,438751914771274    0,190815761685371
177,009    -0,602586194872856    0,190815761685371
178,02    -0,438751914771274    0,152750223875046
179,032    -0,602586194872856    0,190815761685371
180,042    -0,438751914771274    0,114684671163559
181,053    -0,602586194872856    0,152750223875046
182,065    -0,602586194872856    0,152750223875046
183,076    -0,602586194872856    0,114684671163559
184,087    -0,684503349475563    0,228881314396858
185,098    -0,602586194872856    0,190815761685371
186,111    -0,602586194872856    0,152750223875046
187,121    -0,602586194872856    0,190815761685371
188,133    -0,602586194872856    0,190815761685371
189,144    -0,602586194872856    0,228881314396858
190,155    -0,602586194872856    0,228881314396858
191,167    -0,602586194872856    0,190815761685371
192,178    -0,602586194872856    0,190815761685371
193,19    -0,602586194872856    0,228881314396858
194,201    -0,684503349475563    0,152750223875046
195,213    -0,602586194872856    0,190815761685371
196,224    -0,602586194872856    0,190815761685371
197,236    -0,684503349475563    0,190815761685371
198,247    -0,684503349475563    0,190815761685371
199,259    -0,602586194872856    0,228881314396858
200,269    -0,602586194872856    0,228881314396858
200,877    0    0,190815761685371
201,281    0    0,0766191184520721
202,292    0    0
203,303    0    -0,076131097972393
204,315    0    -0,22839330136776
205,326    0    16,2042121887207
206,337    0    55,8172721862793
207,349    0    0,991656363010406
208,36    0    -379,168487548828
209,372    0    -345,807952880859
210,383    0    43,8837203979492
211,395    0    43,8456573486328
212,406    0    43,8075904846191
213,417    0    43,8075904846191
214,429    0    43,8075904846191
215,44    0    43,8837203979492
216,452    0    43,8456573486328
217,463    0    43,7695236206055
218,475    0    43,8075904846191
219,486    0    43,8837203979492
220,497    0    43,8075904846191
221,508    0    43,8075904846191
222,519    0    43,8456573486328
223,531    0    43,9217872619629
224,542    0    43,8075904846191
225,554    0    43,8456573486328
226,565    0    43,8075904846191
227,577    0    43,8456573486328
228,588    0    43,7314605712891
229,6    0    43,8837203979492
230,611    0    43,8837203979492
231,622    0    43,8456573486328
232,634    0    43,8075904846191
233,645    0    43,8837203979492
234,657    0    43,8456573486328
235,668    0    43,8837203979492
236,68    0    43,8075904846191
237,691    0    43,8837203979492
238,703    0    43,8075904846191
239,713    0    43,8075904846191
240,724    0    43,8456573486328
241,735    0    43,8456573486328
242,746    0    43,8075904846191
243,758    0    43,8075904846191
244,769    0    43,8837203979492
245,781    0    43,8837203979492
246,792    0    43,8456573486328
247,804    0    43,8456573486328
248,815    0    43,8837203979492
249,827    0    43,8837203979492
250,839    0    43,8837203979492
251,85    0    43,7695236206055
252,861    0    43,8837203979492
253,873    0    43,7314605712891
254,885    0    43,7314605712891
255,895    0    43,7695236206055
256,907    0    43,8837203979492
257,919    0    43,8075904846191
258,929    0    43,8075904846191
259,941    0    43,7695236206055
260,952    0    43,7695236206055
261,963    0    43,8837203979492
262,975    0    43,7695236206055
263,987    0    43,8837203979492
264,997    0    43,8075904846191
266,01    0    43,8456573486328
267,02    0    43,8837203979492
268,032    0    43,8075904846191
269,043    0    43,8075904846191
270,055    0    43,8456573486328
271,066    0    43,8075904846191
272,077    0    43,8456573486328
273,089    0    43,9217872619629
274,1    0    43,8075904846191
275,112    0    43,7695236206055
276,124    0    43,7695236206055
277,134    0    43,8837203979492
278,147    0    43,8456573486328
279,157    0    43,8837203979492
280,169    0    43,8837203979492
281,179    0    43,8075904846191
282,191    0    43,8075904846191
283,202    0    43,8075904846191
284,215    0    43,7314605712891
285,226    0    43,8075904846191
286,237    0    43,7314605712891
287,249    0    43,7695236206055
288,259    0    43,8837203979492
289,271    0    43,8456573486328
290,282    0    43,7695236206055
291,295    0    43,7695236206055
292,305    0    43,8837203979492
293,317    0    43,6933937072754
294,328    0    43,7695236206055
295,339    0    43,8075904846191
296,351    0    43,7314605712891
297,362    0    43,8456573486328
298,373    0    43,8456573486328
299,384    0    43,7695236206055
300,396    0    43,7314605712891
301,406    0    43,8837203979492
302,419    0    43,7314605712891
303,43    0    43,8075904846191
304,442    0    43,655330657959
305,453    0    43,8456573486328
306,464    0    43,8075904846191
307,476    0    43,7695236206055
307,778    -0,930254813283682    43,8837203979492
308,486    -100,455395877361    0,152750223875046
309,498    -47,6156808435917    0,152750223875046
310,51    -32,847486436367    0,152750223875046
311,522    -25,3814738243818    0,152750223875046
312,532    -21,1144313216209    0,114684671163559
313,544    -18,0782452225685    0,190815761685371
314,555    -15,9452483057976    0,114684671163559
315,568    -14,1399204730988    0,190815761685371
316,579    -12,7452285960317    0,190815761685371
317,589    -11,5143703296781    0,190815761685371
318,601    -10,6122316792607    0,190815761685371
319,612    -9,79201029986143    0,190815761685371
320,624    -9,05370526015759    0,152750223875046
321,634    -8,47923569381237    0,114684671163559
322,647    -7,90476519614458    0,114684671163559
323,657    -7,57604604586959    0,190815761685371
324,67    -7,16646062210202    0,190815761685371
325,681    -6,83774147182703    0,0766191184520721
326,692    -6,42815604805946    0,114684671163559
327,704    -6,1813541688025    0,190815761685371
328,715    -6,01752009242773    0,114684671163559
329,726    -5,77176827937365    0,152750223875046
330,738    -5,52496686577797    0,152750223875046
331,75    -5,36113232374191    0,152750223875046
332,76    -5,19729824736714    0,190815761685371
333,772    -4,95049636811018    0,190815761685371
334,784    -4,70474502071738    0,266946852207184
335,794    -4,70474502071738    0,152750223875046
336,806    -4,45899367332458    0,152750223875046
337,816    -4,45899367332458    0,190815761685371
338,829    -4,29410906508565    0,152750223875046
339,839    -4,21219179406762    0,152750223875046
340,851    -4,04835771769285    0,152750223875046
341,863    -3,96644044667482    0,114684671163559
342,874    -4,04835771769285    0,190815761685371
343,885    -3,96644044667482    0,152750223875046
344,896    -3,88452340848744    0,190815761685371
345,908    -3,72068909928203    0,190815761685371
346,919    -3,72068909928203    0,114684671163559
347,931    -3,72068909928203    0,190815761685371
348,942    -3,63772176206112    0,152750223875046
349,954    -3,55580449104309    0,114684671163559
350,965    -3,47388745285571    0,152750223875046
351,977    -3,47388745285571    0,114684671163559
352,988    -3,47388745285571    0,152750223875046
353,999    -3,39197018183768    0,152750223875046
355,011    -3,31005314365029    0,152750223875046
356,022    -3,14621883444488    0,114684671163559
357,033    -3,14621883444488    0,266946852207184
358,044    -3,14621883444488    0,190815761685371
359,056    -2,98133422620595    0,190815761685371
360,066    -2,98133422620595    0,190815761685371
361,078    -3,14621883444488    0,190815761685371
362,089    -3,06430156342685    0,114684671163559
363,1    -3,14621883444488    0,190815761685371
364,112    -2,98133422620595    0,190815761685371
365,123    -2,98133422620595    0,190815761685371
366,135    -2,89941718801856    0,190815761685371
367,146    -2,89941718801856    0,114684671163559
368,158    -2,89941718801856    0,190815761685371
369,169    -2,81749991700053    0,190815761685371
370,181    -2,81749991700053    0,152750223875046
371,192    -2,57174856960773    0,190815761685371
372,203    -2,73558287881315    0,114684671163559
373,215    -2,65366560779512    0,152750223875046
374,226    -2,65366560779512    0,152750223875046
375,238    -2,57174856960773    0,152750223875046
376,249    -2,65366560779512    0,152750223875046
377,26    -2,40791426040232    0,114684671163559
378,271    -2,48983129858971    0,114684671163559
379,283    -2,40791426040232    0,152750223875046
380,294    -2,24302965216339    0,152750223875046
381,305    -2,24302965216339    0,190815761685371
382,317    -2,40791426040232    0,114684671163559
383,328    -2,07919534295797    0,114684671163559
384,34    -2,24302965216339    0,152750223875046
385,351    -1,99727830477059    0,152750223875046
386,363    -2,40791426040232    0,114684671163559
387,374    -2,24302965216339    0,114684671163559
388,386    -2,161112613976    0,114684671163559
389,397    -1,83344387914985    0,190815761685371
390,408    -1,83344387914985    0,190815761685371
391,42    -1,91536103375256    0,152750223875046
392,431    -1,99727830477059    0,114684671163559
393,443    -1,83344387914985    0,152750223875046
394,454    -1,83344387914985    0,114684671163559
395,466    -1,83344387914985    0,114684671163559
396,476    -1,83344387914985    0,152750223875046
397,488    -1,91536103375256    0,114684671163559
398,499    -1,83344387914985    0,0766191184520721
399,51    -1,83344387914985    0,114684671163559
400,522    -1,83344387914985    0,190815761685371
401,533    -1,83344387914985    0,114684671163559
402,545    -1,83344387914985    0,114684671163559
403,556    -1,66855938732624    0,114684671163559
404,568    -1,75152672454715    0,190815761685371
405,58    -1,75152672454715    0,114684671163559
406,592    -1,75152672454715    0,190815761685371
407,464    0    0,190815761685371
407,603    0    0,343077957630157
408,614    0    0,495828181505203
409,626    0    0,648090362548828
410,637    0    0,800840616226196
411,648    0    0,991656363010406
412,659    0    0,991656363010406
413,67    0    1,06778740882874
414,683    0    1,14391851425171
415,694    0    1,25811517238617
416,704    0    1,33473432064056
417,716    0    1,48699653148651
418,728    0    1,48699653148651
419,738    0    1,63974678516388
420,749    0    1,75394344329834
421,761    0    1,71587789058685
422,772    0    1,71587789058685
423,783    0    1,83007442951202
424,794    0    1,98282468318939
425,806    0    1,94475913047791
426,817    0    2,05895590782166
427,83    0    2,21170592308044
428,84    0    2,28783702850342
429,853    0    2,24977159500122
430,864    0    2,28783702850342
431,876    0    2,40203380584717
432,886    0    2,51671838760376
433,897    0    2,51671838760376
434,91    0    2,63091516494751
435,92    0    2,66898059844971
436,931    0    2,74511170387268
437,942    0    2,74511170387268
438,955    0    2,74511170387268
439,965    0    2,85979628562927
440,978    0    2,89786195755005
441,989    0    3,01205849647522
443    0    3,01205849647522
444,012    0    3,050124168396
445,023    0    3,20287442207336
446,034    0    3,16480875015259
447,045    0    3,20287442207336
448,058    0    3,24093985557556
449,069    0    3,35513663291931
450,081    0    3,35513663291931
451,092    0    3,4698212146759
452,103    0    3,58401799201965
453,114    0    3,58401799201965
454,125    0    3,62208342552185
455,138    0    3,50788688659668
456,147    0    3,66014885902405
457,159    0    3,73676800727844
458,17    0    3,73676800727844
459,182    0    3,77483367919922
460,194    0    3,77483367919922
461,204    0    3,92709589004517
462,217    0    3,96516132354736
463,228    0    3,96516132354736
464,239    0    4,04178047180176
465,25    0    4,07984590530396
466,262    0    4,07984590530396
467,274    0    4,2321081161499
468,285    0    4,15597724914551
469,296    0    4,27017402648926
470,307    0    4,2321081161499
471,319    0    4,2321081161499
472,33    0    4,38485860824585
473,342    0    4,42292404174805
474,353    0    4,46098947525024
475,364    0    4,46098947525024
476,375    0    4,49905490875244
477,388    0    4,5371208190918
478,399    0    4,57518625259399
479,409    0    4,61325168609619
480,421    0    4,72793626785278
481,432    0    4,65180540084839
482,443    0    4,76600217819214
483,455    0    4,76600217819214
484,467    0    4,80406761169434
485,477    0    4,84213304519653
486,489    0    4,91826438903809
487,501    0    4,91826438903809
488,511    0    4,95681762695313
489,523    0    4,99488306045532
490,534    0    4,99488306045532
491,546    0    5,14714527130127
492,558    0    5,07101440429688
493,569    0    5,10907983779907
494,58    0    5,18521118164063
495,591    0    5,22327661514282
496,603    0    5,22327661514282
497,614    0    5,14714527130127
498,625    0    5,37602663040161
499,636    0    5,33796119689941
500,648    0    5,33796119689941
501,659    0    5,29989576339722
