"sec"	µA	"mV"
3000.892	-0.930254813283682	74.1180191040039
3001.761	-147.469535470009	0.0766191184520721
3002.772	-79.7786638140678	0.0766191184520721
3003.784	-57.5444586575031	0.114684671163559
3004.795	-45.4826839268208	0
3005.806	-38.2624231278896	0.0380655489861965
3006.818	-32.6017364859581	0.0766191184520721
3007.829	-28.6634117364883	0.0766191184520721
3008.841	-25.2165887504816	0.0766191184520721
3009.852	-22.5910395383835	0.114684671163559
3010.863	-20.5399598926306	0.114684671163559
3011.875	-19.063351675868	0.114684671163559
3012.886	-17.1761065721512	0.0766191184520721
3013.898	-15.7814137637615	0.0380655489861965
3014.909	-14.7143909707665	0
3015.922	-13.7303350493312	0.114684671163559
3016.932	-12.9920300096273	0.114684671163559
3017.943	-12.2537259012461	0.0766191184520721
3018.954	-11.5143703296781	0.0766191184520721
3019.966	-10.9409503638744	0.0380655489861965
3020.978	-10.2845635265112	0.114684671163559
3021.989	-9.87392757087946	0.0766191184520721
3023.001	-9.3813743442297	0.0766191184520721
3024.012	-8.97178798913956	0.0766191184520721
3025.023	-8.72498657554388	0.0380655489861965
3026.035	-8.23243334889412	0.0766191184520721
3027.047	-7.90476519614458	0.0766191184520721
3028.058	-7.82284792512655	0.0766191184520721
3029.069	-7.24837742745876	0.114684671163559
3030.08	-7.08454335108399	0.0766191184520721
3031.092	-7.00262608006597	0.0380655489861965
3032.103	-6.75582466647029	0.114684671163559
3033.114	-6.59199012443423	0.0766191184520721
3034.126	-6.5100728534162	0.0766191184520721
3035.137	-6.34623877704144	0.114684671163559
3036.149	-6.01752009242773	0
3037.16	-5.85368555039167	0.0766191184520721
3038.171	-5.77176827937365	0.0766191184520721
3039.183	-5.6898514740169	0.0766191184520721
3040.193	-5.52496686577797	0.0766191184520721
3041.206	-5.27921551838517	0.0766191184520721
3042.217	-5.44304959475994	0.0766191184520721
3043.229	-5.19729824736714	0.0766191184520721
3044.24	-5.03346370533109	0.0766191184520721
3045.251	-5.11538097634912	0.0380655489861965
3046.263	-4.86857956275344	0.0766191184520721
3047.274	-4.86857956275344	0.0766191184520721
3048.285	-4.78666229173541	0.114684671163559
3049.297	-4.70474502071738	0.0766191184520721
3050.308	-4.70474502071738	0.0766191184520721
3051.319	-4.54091094434261	0.0766191184520721
3052.332	-4.45899367332458	0.0766191184520721
3053.342	-4.37707640230656	0.0766191184520721
3054.354	-4.37707640230656	0.114684671163559
3055.365	-4.29410906508565	0.0766191184520721
3056.376	-4.37707640230656	0.114684671163559
3057.388	-4.45899367332458	0.114684671163559
3058.399	-4.29410906508565	0.0766191184520721
3059.411	-4.21219179406762	0.0380655489861965
3060.421	-4.21219179406762	0.0766191184520721
3061.433	-4.21219179406762	0.0766191184520721
3062.444	-4.04835771769285	0.114684671163559
3063.455	-4.13027498871088	0.0766191184520721
3064.467	-4.04835771769285	0.0766191184520721
3065.477	-4.04835771769285	0.0766191184520721
3066.49	-4.04835771769285	0.114684671163559
3067.501	-4.04835771769285	0.114684671163559
3068.512	-4.04835771769285	0.0766191184520721
3069.524	-4.04835771769285	0.0766191184520721
3070.535	-4.04835771769285	0.0766191184520721
3071.546	-3.96644044667482	0.114684671163559
3072.557	-3.88452340848744	0.0380655489861965
3073.569	-3.88452340848744	0.0380655489861965
3074.58	-3.80260613746941	0.114684671163559
3075.593	-3.72068909928203	0.0766191184520721
3076.602	-3.80260613746941	0.0766191184520721
3077.614	-3.55580449104309	0.0766191184520721
3078.625	-3.72068909928203	0.0766191184520721
3079.637	-3.80260613746941	0.0766191184520721
3080.649	-3.80260613746941	0.190815761685371
3081.661	-3.80260613746941	0.0766191184520721
3082.672	-3.80260613746941	0.0766191184520721
3083.682	-3.63772176206112	0.0766191184520721
3084.695	-3.72068909928203	0.152750223875046
3085.706	-3.63772176206112	0.0766191184520721
3086.717	-3.55580449104309	0.114684671163559
3087.729	-3.80260613746941	0.0766191184520721
3088.74	-3.63772176206112	0.0766191184520721
3089.752	-3.63772176206112	0.0766191184520721
3090.763	-3.72068909928203	0.0380655489861965
3091.774	-3.63772176206112	0.114684671163559
3092.785	-3.63772176206112	0.114684671163559
3093.797	-3.47388745285571	0.0766191184520721
3094.808	-3.63772176206112	0
3095.821	-3.55580449104309	0.114684671163559
3096.831	-3.55580449104309	0
3097.843	-3.47388745285571	0.0766191184520721
3098.853	-3.55580449104309	0.0380655489861965
3099.864	-3.47388745285571	0.114684671163559
3100.877	-3.55580449104309	0.0380655489861965
3101.888	-3.39197018183768	0.0380655489861965
3102.9	-3.55580449104309	0.0766191184520721
3103.91	-3.55580449104309	0.114684671163559
3104.923	-3.39197018183768	0.114684671163559
3105.933	-3.31005314365029	0.152750223875046
3106.945	-3.39197018183768	0.114684671163559
3107.956	-3.39197018183768	0.114684671163559
3108.967	-3.39197018183768	0.0766191184520721
3109.979	-3.39197018183768	0.0766191184520721
3110.99	-3.39197018183768	0.0766191184520721
3112.002	-3.47388745285571	0.0766191184520721
3113.013	-3.47388745285571	0.0766191184520721
3114.025	-3.39197018183768	0.114684671163559
3115.036	-3.39197018183768	0.114684671163559
3116.046	-3.39197018183768	0.114684671163559
3117.058	-3.39197018183768	0.0766191184520721
3118.069	-3.31005314365029	0.114684671163559
3119.081	-3.55580449104309	0.0380655489861965
3120.091	-3.31005314365029	0.0766191184520721
3121.103	-3.31005314365029	0.0766191184520721
3122.114	-3.22813587263227	0.0380655489861965
3123.126	-3.31005314365029	0.0766191184520721
3124.137	-3.14621883444488	0.114684671163559
3125.148	-3.14621883444488	0.114684671163559
3126.16	-3.14621883444488	0.114684671163559
3127.172	-3.14621883444488	0.0766191184520721
3128.183	-3.22813587263227	0.0766191184520721
3129.194	-3.06430156342685	0.0766191184520721
3130.206	-3.06430156342685	0.0766191184520721
3131.217	-3.31005314365029	0.0766191184520721
3132.229	-3.22813587263227	0.0766191184520721
3133.24	-3.14621883444488	0.0766191184520721
3134.251	-3.14621883444488	0.0380655489861965
3135.263	-3.14621883444488	0.114684671163559
3136.273	-3.14621883444488	0.0766191184520721
3137.285	-3.14621883444488	0.0766191184520721
3138.296	-3.14621883444488	0.114684671163559
3139.308	-3.14621883444488	0.0766191184520721
3140.319	-3.14621883444488	0.0766191184520721
3141.331	-3.14621883444488	0.0380655489861965
3142.342	-2.98133422620595	0.0766191184520721
3143.353	-3.14621883444488	0.114684671163559
3144.365	-2.98133422620595	0.0766191184520721
3145.376	-3.06430156342685	0.114684671163559
3146.388	-3.06430156342685	0.114684671163559
3147.399	-3.14621883444488	0.114684671163559
3148.411	-3.14621883444488	0.0766191184520721
3149.422	-3.14621883444488	0.0766191184520721
3150.434	-3.14621883444488	0.0380655489861965
3151.445	-3.14621883444488	0.0766191184520721
3152.456	-3.14621883444488	0.0766191184520721
3153.468	-2.98133422620595	0.0766191184520721
3154.479	-3.06430156342685	0.114684671163559
3155.49	-3.14621883444488	0.114684671163559
3156.501	-3.06430156342685	0.152750223875046
3157.513	-3.14621883444488	0.114684671163559
3158.524	-3.06430156342685	0.114684671163559
3159.535	-3.22813587263227	0
3160.547	-2.98133422620595	0.0766191184520721
3161.558	-3.06430156342685	0.0766191184520721
3162.57	-2.89941718801856	0.0766191184520721
3163.581	-2.89941718801856	0.0380655489861965
3164.593	-3.14621883444488	0.114684671163559
3165.604	-2.98133422620595	0.0766191184520721
3166.616	-3.14621883444488	0.0766191184520721
3167.627	-2.98133422620595	0.0766191184520721
3168.639	-3.14621883444488	0.114684671163559
3169.65	-3.06430156342685	0.0766191184520721
3170.662	-3.06430156342685	0.114684671163559
3171.673	-2.98133422620595	0.114684671163559
3172.684	-3.14621883444488	0.114684671163559
3173.696	-3.14621883444488	0.0766191184520721
3174.707	-2.98133422620595	0.0766191184520721
3175.719	-2.98133422620595	0.0766191184520721
3176.729	-2.89941718801856	0.0766191184520721
3177.742	-2.98133422620595	0.0766191184520721
3178.753	-2.98133422620595	0.0766191184520721
3179.764	-2.98133422620595	0.0766191184520721
3180.775	-3.14621883444488	0.0766191184520721
3181.786	-2.98133422620595	0.190815761685371
3182.798	-3.06430156342685	0.0766191184520721
3183.809	-3.06430156342685	0.0766191184520721
3184.82	-3.14621883444488	0.114684671163559
3185.831	-3.06430156342685	0.0766191184520721
3186.843	-3.14621883444488	0.0766191184520721
3187.854	-3.14621883444488	0.0766191184520721
3188.865	-2.98133422620595	0.0766191184520721
3189.877	-2.98133422620595	0.0766191184520721
3190.888	-2.98133422620595	0.114684671163559
3191.901	-3.14621883444488	0.0766191184520721
3192.911	-3.06430156342685	0.114684671163559
3193.924	-3.06430156342685	0.114684671163559
3194.933	-2.89941718801856	0.114684671163559
3195.944	-3.14621883444488	0.114684671163559
3196.957	-3.06430156342685	0.0766191184520721
3197.967	-3.14621883444488	0.152750223875046
3198.979	-3.06430156342685	0.0766191184520721
3199.991	-2.98133422620595	0.0766191184520721
3201.002	-3.14621883444488	0.0766191184520721
3202.014	-2.98133422620595	0.0766191184520721
3203.025	-2.98133422620595	0.0380655489861965
3204.037	-2.98133422620595	0.0766191184520721
3205.048	-2.98133422620595	0.114684671163559
3206.059	-3.06430156342685	0.0766191184520721
3207.07	-2.98133422620595	0.190815761685371
3208.082	-3.14621883444488	0.0380655489861965
3209.093	-2.98133422620595	0.0766191184520721
3210.105	-3.06430156342685	0.114684671163559
3211.116	-2.98133422620595	0.0766191184520721
3212.128	-3.14621883444488	0
3213.14	-2.89941718801856	0.0766191184520721
3214.15	-3.06430156342685	0.0766191184520721
3215.161	-2.89941718801856	0.0380655489861965
3216.172	-2.89941718801856	0.114684671163559
3217.185	-2.98133422620595	0.114684671163559
3218.196	-2.89941718801856	0.0766191184520721
3219.207	-3.06430156342685	0.114684671163559
3220.219	-2.89941718801856	0.114684671163559
3221.229	-3.06430156342685	0.114684671163559
3222.242	-2.89941718801856	0.0380655489861965
3223.252	-3.06430156342685	0.0766191184520721
3224.264	-2.98133422620595	0.0380655489861965
3225.276	-3.14621883444488	0.0766191184520721
3226.287	-3.06430156342685	0.114684671163559
3227.298	-2.89941718801856	0
3228.31	-3.06430156342685	0.0766191184520721
3229.321	-2.98133422620595	0.0380655489861965
3230.332	-3.06430156342685	0.0766191184520721
3231.344	-3.06430156342685	0.114684671163559
3232.355	-2.98133422620595	0.0766191184520721
3233.367	-2.89941718801856	0.0766191184520721
3234.378	-3.14621883444488	0.114684671163559
3235.39	-2.98133422620595	0.114684671163559
3236.4	-2.98133422620595	0.0766191184520721
3237.412	-2.98133422620595	0.152750223875046
3238.424	-2.89941718801856	0.0766191184520721
3239.435	-3.06430156342685	0.114684671163559
3240.446	-2.98133422620595	0.0766191184520721
3241.457	-3.06430156342685	0.114684671163559
3242.468	-2.98133422620595	0.0766191184520721
3243.479	-2.98133422620595	0.0380655489861965
3244.492	-2.98133422620595	0.0766191184520721
3245.503	-2.89941718801856	0.0766191184520721
3246.514	-3.06430156342685	0.0766191184520721
3247.526	-2.98133422620595	0.0766191184520721
3248.537	-3.06430156342685	0.152750223875046
3249.548	-2.89941718801856	0.0766191184520721
3250.559	-2.98133422620595	0.114684671163559
3251.572	-2.98133422620595	0.0766191184520721
3252.582	-2.98133422620595	0.0766191184520721
3253.593	-2.98133422620595	0.0380655489861965
3254.605	-2.98133422620595	0.114684671163559
3255.617	-3.06430156342685	0.0380655489861965
3256.627	-2.89941718801856	0.0380655489861965
3257.639	-2.98133422620595	0.152750223875046
3258.65	-2.98133422620595	0.0766191184520721
3259.662	-2.98133422620595	0.0380655489861965
3260.674	-2.98133422620595	0.114684671163559
3261.684	-2.98133422620595	0.0766191184520721
3262.696	-2.98133422620595	0.0766191184520721
3263.707	-2.89941718801856	0
3264.719	-2.89941718801856	0.0380655489861965
3265.73	-2.89941718801856	0.114684671163559
3266.741	-3.06430156342685	0.152750223875046
3267.753	-2.89941718801856	0.0766191184520721
3268.764	-2.89941718801856	0.0380655489861965
3269.776	-2.98133422620595	0.114684671163559
3270.787	-2.81749991700053	0.0766191184520721
3271.799	-2.98133422620595	0.0380655489861965
3272.81	-2.98133422620595	0.0766191184520721
3273.82	-2.98133422620595	0.0380655489861965
3274.832	-2.98133422620595	0.0766191184520721
3275.843	-2.89941718801856	0.0380655489861965
3276.855	-2.98133422620595	0.0766191184520721
3277.866	-2.98133422620595	0.0766191184520721
3278.878	-3.06430156342685	0.0766191184520721
3279.889	-2.98133422620595	0.0766191184520721
3280.901	-2.89941718801856	0.0766191184520721
3281.912	-2.98133422620595	0.0766191184520721
3282.923	-2.89941718801856	0.0766191184520721
3283.935	-3.06430156342685	0.0766191184520721
3284.946	-3.06430156342685	0.0766191184520721
3285.958	-3.14621883444488	0.0766191184520721
3286.969	-2.89941718801856	0.0766191184520721
3287.981	-2.98133422620595	0.114684671163559
3288.992	-3.06430156342685	0.0766191184520721
3290.004	-2.89941718801856	0.0766191184520721
3291.015	-3.06430156342685	0.0766191184520721
3292.026	-2.98133422620595	0.0766191184520721
3293.037	-2.98133422620595	0.0766191184520721
3294.048	-2.89941718801856	0.0380655489861965
3295.06	-3.06430156342685	0.114684671163559
3296.071	-2.98133422620595	0.114684671163559
3297.083	-2.98133422620595	0.114684671163559
3298.094	-3.06430156342685	0.0766191184520721
3299.106	-2.98133422620595	0.0380655489861965
3300.116	-2.89941718801856	0.114684671163559