sec"	"µA"	"mV
11405,922    -0,930254813283682    26,0407390594482
11406,333    -102,09583491087    0,0766191184520721
11407,344    -40,8879742026329    0,0766191184520721
11408,356    -28,4166093915701    0
11409,367    -22,5091222673655    0
11410,378    -18,2431302964687    0,0766191184520721
11411,388    -15,1250269263983    0,0766191184520721
11412,399    -12,8271458670497    0,0380655489861965
11413,412    -11,1047849059105    0,0766191184520721
11414,423    -9,46329161524773    0,0766191184520721
11415,435    -8,64306930452585    0,0766191184520721
11416,445    -7,82284792512655    0,0380655489861965
11417,458    -7,00262608006597    0,0766191184520721
11418,469    -6,34623877704144    0
11419,481    -5,77176827937365    0,0766191184520721
11420,492    -5,36113232374191    0,0380655489861965
11421,502    -4,95049636811018    0,0766191184520721
11422,514    -4,54091094434261    0
11423,525    -4,45899367332458    0,0766191184520721
11424,537    -4,04835771769285    0,0766191184520721
11425,549    -3,88452340848744    0
11426,561    -3,72068909928203    0,0380655489861965
11427,572    -3,72068909928203    0
11428,583    -3,39197018183768    0
11429,594    -3,31005314365029    0,0766191184520721
11430,605    -2,98133422620595    0,0766191184520721
11431,616    -3,14621883444488    0,0380655489861965
11432,628    -3,14621883444488    0,0766191184520721
11433,639    -2,89941718801856    0,0766191184520721
11434,65    -2,65366560779512    0,0380655489861965
11435,663    -2,73558287881315    0,0380655489861965
11436,673    -2,57174856960773    0,0766191184520721
11437,685    -2,48983129858971    0,0766191184520721
11438,697    -2,48983129858971    0,0766191184520721
11439,708    -2,32494692318141    0
11440,72    -2,161112613976    0,114684671163559
11441,73    -1,99727830477059    0,0766191184520721
11442,743    -2,161112613976    0
11443,754    -1,91536103375256    0,0380655489861965
11444,766    -1,99727830477059    0,114684671163559
11445,776    -1,66855938732624    0,0380655489861965
11446,787    -1,58664223272353    0
11447,799    -2,32494692318141    0,0380655489861965
11448,971    -1,83344387914985    0,0766191184520721
11449,95    -1,75152672454715    0,0766191184520721
11450,832    -1,66855938732624    0,0766191184520721
11451,844    -1,66855938732624    0,0766191184520721
11452,855    -1,58664223272353    0,0766191184520721
11453,867    -1,75152672454715    0,0766191184520721
11454,878    -1,66855938732624    0,0380655489861965
11455,889    -1,66855938732624    0,0766191184520721
11456,901    -2,07919534295797    0,0766191184520721
11457,912    -1,75152672454715    0,0766191184520721
11458,924    -1,75152672454715    0
11459,935    -1,58664223272353    0,0766191184520721
11460,946    -1,99727830477059    0,114684671163559
11461,957    -2,24302965216339    0
11462,968    -1,91536103375256    0,0766191184520721
11463,98    -2,07919534295797    -0,0380655489861965
11464,991    -1,83344387914985    0,0380655489861965
11466,003    -1,99727830477059    0,0380655489861965
11467,014    -1,83344387914985    0,114684671163559
11468,026    -2,07919534295797    0
11469,037    -1,99727830477059    0,0766191184520721
11470,049    -1,99727830477059    0,0380655489861965
11471,059    -1,99727830477059    0
11472,07    -1,99727830477059    0
11473,082    -1,91536103375256    0
11474,093    -2,07919534295797    0,0380655489861965
11475,105    -1,99727830477059    0,0766191184520721
11476,116    -1,99727830477059    0
11477,128    -1,99727830477059    0,0766191184520721
11478,139    -1,99727830477059    0,0766191184520721
11479,151    -1,99727830477059    0,0380655489861965
11480,162    -1,99727830477059    0,0766191184520721
11481,173    -1,99727830477059    0,0380655489861965
11482,185    -1,99727830477059    0,0380655489861965
11483,196    -1,99727830477059    0,0380655489861965
11484,208    -1,99727830477059    0
11485,219    -2,07919534295797    0,0380655489861965
11486,231    -1,99727830477059    0,114684671163559
11487,242    -1,99727830477059    0,0766191184520721
11488,254    -2,07919534295797    0,0380655489861965
11489,265    -1,99727830477059    0,0766191184520721
11490,275    -1,99727830477059    0,0766191184520721
11491,287    -1,99727830477059    0,0766191184520721
11492,298    -1,99727830477059    0,0766191184520721
11493,31    -1,99727830477059    0,0380655489861965
11494,321    -1,99727830477059    0,0766191184520721
11495,332    -1,99727830477059    0
11496,344    -1,99727830477059    0
11497,356    -1,99727830477059    0,0766191184520721
11498,367    -1,83344387914985    0,0766191184520721
11499,378    -1,99727830477059    0,0766191184520721
11500,39    -1,83344387914985    -0,0380655489861965
11501,401    -1,99727830477059    0,0766191184520721
11502,413    -1,83344387914985    0,0766191184520721
11503,424    -1,99727830477059    0,0380655489861965
11504,436    -1,91536103375256    0,0380655489861965
11505,447    -1,83344387914985    0,0380655489861965
11506,458    -1,91536103375256    0,0380655489861965
11507,47    -1,83344387914985    0,0766191184520721
11508,481    -1,83344387914985    0,0766191184520721
11509,493    -1,99727830477059    0,0766191184520721
11510,503    -1,83344387914985    0,0766191184520721
11511,515    -1,99727830477059    0,0766191184520721
11512,526    -1,91536103375256    0,0380655489861965
11513,538    -1,83344387914985    0,0766191184520721
11514,549    -1,75152672454715    0
11515,56    -1,83344387914985    0,0766191184520721
11516,572    -1,83344387914985    0,114684671163559
11517,583    -1,91536103375256    0,0766191184520721
11518,595    -1,83344387914985    0
11519,606    -1,83344387914985    0,0380655489861965
11520,617    -1,99727830477059    0,0766191184520721
11521,628    -1,99727830477059    0,0766191184520721
11522,64    -1,83344387914985    0,0766191184520721
11523,651    -1,83344387914985    0,0766191184520721
11524,662    -1,99727830477059    0,0766191184520721
11525,674    -1,99727830477059    0,114684671163559
11526,685    -1,66855938732624    0,0766191184520721
11527,697    -2,07919534295797    0
11528,708    -1,99727830477059    0,0766191184520721
11529,719    -1,83344387914985    0
11530,73    -1,83344387914985    0,114684671163559
11531,741    -1,83344387914985    0,0766191184520721
11532,753    -1,83344387914985    0,0766191184520721
11533,764    -1,83344387914985    0,0766191184520721
11534,776    -1,83344387914985    0,114684671163559
11535,787    -1,75152672454715    0,0766191184520721
11536,799    -1,99727830477059    0
11537,81    -1,83344387914985    0,114684671163559
11538,822    -1,91536103375256    0,0380655489861965
11539,833    -1,91536103375256    0,0380655489861965
11540,845    -1,58664223272353    0,0766191184520721
11541,856    -1,83344387914985    0,0766191184520721
11542,867    -1,75152672454715    0,0380655489861965
11543,879    -1,75152672454715    0,0766191184520721
11544,89    -1,99727830477059    0,0766191184520721
11545,902    -1,83344387914985    0,0380655489861965
11546,913    -1,83344387914985    0,0766191184520721
11547,925    -1,75152672454715    0,0766191184520721
11548,935    -1,83344387914985    0,114684671163559
11549,946    -1,75152672454715    0,0766191184520721
11550,958    -1,83344387914985    0
11551,969    -1,83344387914985    0
11552,981    -1,83344387914985    0,0766191184520721
11553,992    -1,83344387914985    0
11555,004    -1,75152672454715    0,0766191184520721
11556,015    -1,83344387914985    0,0766191184520721
11557,027    -1,75152672454715    0,0380655489861965
11558,038    -1,83344387914985    0,0766191184520721
11559,049    -1,50472507812083    0
11560,061    -1,66855938732624    0,114684671163559
11561,072    -1,83344387914985    0,0766191184520721
11562,084    -1,58664223272353    0,0766191184520721
11563,095    -1,83344387914985    0,0380655489861965
11564,107    -1,58664223272353    0,0380655489861965
11565,118    -1,66855938732624    0,0766191184520721
11566,13    -1,75152672454715    0,0766191184520721
11567,141    -1,58664223272353    0,0380655489861965
11568,152    -1,75152672454715    0,0766191184520721
11569,163    -1,58664223272353    0,0380655489861965
11570,174    -1,75152672454715    0,0766191184520721
11571,186    -1,42280792351812    0,0766191184520721
11572,197    -1,91536103375256    0,0380655489861965
11573,209    -1,58664223272353    0,0380655489861965
11574,22    -1,58664223272353    0
11575,232    -1,75152672454715    0,0766191184520721
11576,243    -1,34089076891541    0,0766191184520721
11577,254    -1,50472507812083    0,114684671163559
11578,266    -1,58664223272353    0
11579,277    -1,66855938732624    0,0380655489861965
11580,288    -1,83344387914985    0,114684671163559
11581,299    -1,75152672454715    0,0766191184520721
11582,311    -1,75152672454715    0,0766191184520721
11583,322    -1,50472507812083    0,0766191184520721
11584,334    -1,83344387914985    0,0380655489861965
11585,345    -1,58664223272353    0,0766191184520721
11586,356    -1,75152672454715    0,0380655489861965
11587,368    -1,75152672454715    0
11588,378    -1,75152672454715    0,0766191184520721
11589,39    -1,83344387914985    0
11590,401    -1,75152672454715    0,0766191184520721
11591,413    -1,75152672454715    0,0380655489861965
11592,424    -1,42280792351812    0,0766191184520721
11593,435    -1,66855938732624    0,0766191184520721
11594,447    -1,42280792351812    0,0766191184520721
11595,458    -1,58664223272353    0,0380655489861965
11596,47    -1,58664223272353    0
11597,481    -1,75152672454715    0,0380655489861965
11598,493    -1,75152672454715    -0,0380655489861965
11599,504    -1,58664223272353    0,0380655489861965
11600,515    -1,50472507812083    0
11601,527    -1,25897361431271    0,0766191184520721
11602,538    -1,58664223272353    0,114684671163559
11603,55    -1,50472507812083    0,0380655489861965
11604,561    -1,50472507812083    0,0380655489861965
11605,573    -1,50472507812083    0,0380655489861965
11606,584    -1,66855938732624    0,114684671163559
11607,595    -1,75152672454715    0
11608,606    -1,17705645971    0,0766191184520721
11609,617    -1,75152672454715    0,0766191184520721
11610,629    -1,42280792351812    0,0380655489861965
11611,64    -1,75152672454715    0
11612,652    -1,50472507812083    0,114684671163559
11613,663    -1,50472507812083    0,0766191184520721
11614,675    -1,75152672454715    0
11615,686    -1,50472507812083    0
11616,698    -1,42280792351812    0,0380655489861965
11617,709    -1,66855938732624    0,0766191184520721
11618,72    -1,83344387914985    0,0766191184520721
11619,732    -1,34089076891541    0,0766191184520721
11620,743    -1,75152672454715    0,0766191184520721
11621,755    -1,0951393051073    0,0766191184520721
11622,766    -1,66855938732624    0,0766191184520721
11623,778    -1,34089076891541    0,0766191184520721
11624,789    -1,25897361431271    0,0766191184520721
11625,801    -1,17705645971    0,0380655489861965
11626,812    -1,58664223272353    0,114684671163559
11627,822    -1,58664223272353    0,114684671163559
11628,834    -1,75152672454715    0,0766191184520721
11629,845    -1,58664223272353    0,0380655489861965
11630,857    -1,58664223272353    0,114684671163559
11631,868    -1,66855938732624    0,0766191184520721
11632,88    -1,42280792351812    0,0766191184520721
11633,891    -1,58664223272353    0,0380655489861965
11634,903    -1,58664223272353    0,114684671163559
11635,914    -1,42280792351812    0,0380655489861965
11636,925    -1,50472507812083    0,0766191184520721
11637,937    -1,58664223272353    0
11638,948    -1,58664223272353    0,0766191184520721
11639,96    -1,34089076891541    0,0380655489861965
11640,97    -1,75152672454715    0,114684671163559
11641,982    -1,50472507812083    0,0766191184520721
11642,993    -1,58664223272353    0,0766191184520721
11644,004    -1,50472507812083    0,0766191184520721
11645,016    -1,58664223272353    0,0380655489861965
11646,027    -1,58664223272353    0,0766191184520721
11647,038    -1,58664223272353    0,0766191184520721
11648,049    -1,42280792351812    0,0766191184520721
11649,061    -1,50472507812083    0,0766191184520721
11650,072    -1,83344387914985    0,114684671163559
11651,084    -1,34089076891541    0,0380655489861965
11652,095    -1,58664223272353    0
11653,106    -1,58664223272353    0,0766191184520721
11654,118    -1,50472507812083    0,0766191184520721
11655,129    -1,66855938732624    0,0766191184520721
11656,141    -1,66855938732624    0,0766191184520721
11657,152    -1,58664223272353    0,0766191184520721
11658,164    -1,75152672454715    0,0766191184520721
11659,175    -1,58664223272353    0,0766191184520721
11660,187    -1,50472507812083    0,114684671163559
11661,198    -1,75152672454715    0,114684671163559
11662,209    -1,58664223272353    0,0766191184520721
11663,221    -1,66855938732624    0,0380655489861965
11664,232    -1,50472507812083    0,114684671163559
11665,244    -1,75152672454715    0,0380655489861965
11666,255    -1,58664223272353    0,0766191184520721
11667,267    -1,42280792351812    0
11668,278    -1,75152672454715    0,0766191184520721
11669,29    -1,34089076891541    0,114684671163559
11670,301    -1,66855938732624    0,0766191184520721
11671,312    -1,42280792351812    0,0766191184520721
11672,324    -1,66855938732624    0,0766191184520721
11673,335    -1,34089076891541    0,114684671163559
11674,347    -1,58664223272353    0,0380655489861965
11675,357    -1,42280792351812    0,0766191184520721
11676,369    -1,83344387914985    0,0766191184520721
11677,381    -1,66855938732624    0,114684671163559
11678,392    -1,75152672454715    0,0766191184520721
11679,403    -1,58664223272353    0,0766191184520721
11680,414    -1,42280792351812    0
11681,426    -1,58664223272353    0
11682,437    -1,58664223272353    0,114684671163559
11683,449    -1,58664223272353    0,0766191184520721
11684,46    -1,42280792351812    0
11685,472    -1,58664223272353    0,0380655489861965
11686,483    -1,50472507812083    0
11687,494    -1,75152672454715    0,0766191184520721
11688,506    -1,58664223272353    0,0766191184520721
11689,517    -1,42280792351812    0,0766191184520721
11690,529    -1,75152672454715    0,0380655489861965
11691,54    -1,66855938732624    0,0766191184520721
11692,552    -1,75152672454715    0,0766191184520721
11693,563    -1,50472507812083    0,0766191184520721
11694,573    -1,75152672454715    0
11695,585    -1,50472507812083    0,0766191184520721
11696,596    -1,42280792351812    0,0380655489861965
11697,609    -1,58664223272353    0,0380655489861965
11698,62    -1,50472507812083    0,0380655489861965
11699,632    -1,50472507812083    0,0766191184520721
11700,641    -1,42280792351812    0,114684671163559
11701,654    -1,75152672454715    0,0766191184520721