sec"	"µA"	"mV
12901,895    -0,930254813283682    86,2043151855469
12902,153    -326,088845729828    0,114684671163559
12903,165    -42,0369133353233    0,0766191184520721
12904,175    -17,5867415964603    0,0766191184520721
12905,186    -10,7760662212968    0,0766191184520721
12906,198    -8,31540115177631    0,0766191184520721
12907,209    -6,59199012443423    0,0380655489861965
12908,221    -5,606884136796    0,114684671163559
12909,232    -5,03346370533109    0,0380655489861965
12910,244    -4,62282774969935    0,0766191184520721
12911,255    -4,29410906508565    0,0766191184520721
12912,266    -3,96644044667482    0,0766191184520721
12913,279    -3,80260613746941    0,0380655489861965
12914,289    -3,72068909928203    0,0766191184520721
12915,302    -3,55580449104309    0,0766191184520721
12916,313    -3,47388745285571    0,114684671163559
12917,325    -3,31005314365029    0,114684671163559
12918,335    -3,14621883444488    0,0380655489861965
12919,347    -3,31005314365029    0,0380655489861965
12920,358    -3,14621883444488    0,0380655489861965
12921,371    -2,98133422620595    0,0766191184520721
12922,381    -3,06430156342685    0,0766191184520721
12923,392    -3,14621883444488    0,0766191184520721
12924,403    -1,91536103375256    0,114684671163559
12925,414    -1,99727830477059    0,0766191184520721
12926,426    -3,06430156342685    0,0380655489861965
12927,438    -2,89941718801856    0,114684671163559
12928,45    -2,98133422620595    0,114684671163559
12929,461    -2,65366560779512    0,0766191184520721
12930,473    -2,73558287881315    0,0380655489861965
12931,484    -2,81749991700053    0
12932,494    -2,32494692318141    0,0766191184520721
12933,506    -2,65366560779512    0,0766191184520721
12934,518    -2,40791426040232    0,0766191184520721
12935,529    -2,73558287881315    0
12936,541    -2,57174856960773    0,0766191184520721
12937,553    -1,99727830477059    0,0766191184520721
12938,564    -2,24302965216339    0,0766191184520721
12939,574    -2,07919534295797    0,0766191184520721
12940,587    -1,91536103375256    0,0766191184520721
12941,598    -1,83344387914985    0,0766191184520721
12942,609    -1,83344387914985    0,0766191184520721
12943,619    -1,99727830477059    0,0766191184520721
12944,632    -1,99727830477059    0,0380655489861965
12945,643    -1,91536103375256    0,0380655489861965
12946,654    -1,91536103375256    0,0380655489861965
12947,666    -1,75152672454715    0,0766191184520721
12948,677    -1,83344387914985    0,0766191184520721
12949,689    -1,58664223272353    0
12950,699    -2,32494692318141    0,114684671163559
12951,712    -1,75152672454715    0,0766191184520721
12952,722    -1,75152672454715    0,0380655489861965
12953,734    -1,75152672454715    0,0766191184520721
12954,746    -1,91536103375256    0,0766191184520721
12955,757    -1,75152672454715    0,114684671163559
12956,769    -2,07919534295797    0,114684671163559
12957,779    -1,99727830477059    0,114684671163559
12958,792    -1,83344387914985    0,0766191184520721
12959,802    -1,83344387914985    0
12960,814    -1,42280792351812    0
12961,825    -1,99727830477059    0,0766191184520721
12962,835    -1,75152672454715    0,0766191184520721
12963,846    -1,75152672454715    0
12964,858    -1,50472507812083    0,0766191184520721
12965,87    -1,66855938732624    0,0766191184520721
12966,88    -2,40791426040232    0,0380655489861965
12967,892    -1,75152672454715    0,0766191184520721
12968,904    -2,40791426040232    0,0766191184520721
12969,915    -1,75152672454715    0,114684671163559
12970,926    -1,66855938732624    0,114684671163559
12971,939    -1,75152672454715    0,0766191184520721
12972,95    -2,07919534295797    0,114684671163559
12973,961    -1,58664223272353    0,114684671163559
12974,973    -1,99727830477059    0,114684671163559
12975,984    -2,07919534295797    0,114684671163559
12976,996    -1,75152672454715    0
12978,007    -1,58664223272353    0,0380655489861965
12979,019    -2,07919534295797    0,0766191184520721
12980,029    -1,75152672454715    0,114684671163559
12981,041    -1,75152672454715    0,0766191184520721
12982,052    -1,83344387914985    0,0766191184520721
12983,064    -1,75152672454715    0,0766191184520721
12984,074    -1,99727830477059    0,0766191184520721
12985,085    -1,99727830477059    0,0766191184520721
12986,098    -1,99727830477059    0,0766191184520721
12987,108    -2,161112613976    0,0766191184520721
12988,121    -1,99727830477059    0,0380655489861965
12989,133    -1,17705645971    0
12990,144    -2,24302965216339    0,0766191184520721
12991,154    -1,99727830477059    0,0766191184520721
12992,165    -1,25897361431271    0,0766191184520721
12993,178    -1,99727830477059    0,0380655489861965
12994,188    -1,91536103375256    0,0766191184520721
12995,201    -1,99727830477059    0,114684671163559
12996,211    -1,75152672454715    0,0766191184520721
12997,223    -1,75152672454715    0,0766191184520721
12998,235    -1,99727830477059    0,0380655489861965
12999,245    -1,0951393051073    0
13000,257    -1,99727830477059    0,0766191184520721
13001,268    -1,58664223272353    0,0766191184520721
13002,279    -1,75152672454715    0,0380655489861965
13003,291    -1,17705645971    0,0380655489861965
13004,302    -1,99727830477059    0,0766191184520721
13005,313    -1,83344387914985    0,0380655489861965
13006,325    -1,25897361431271    0,0766191184520721
13007,336    -1,50472507812083    0,0766191184520721
13008,348    -1,83344387914985    0,0766191184520721
13009,359    -1,83344387914985    0
13010,37    -1,75152672454715    0,0766191184520721
13011,382    -0,930254813283682    0,0766191184520721
13012,393    -1,83344387914985    0,0766191184520721
13013,405    -1,58664223272353    0,114684671163559
13014,416    -1,58664223272353    0,0380655489861965
13015,428    -2,161112613976    0,0766191184520721
13016,439    -1,75152672454715    0,114684671163559
13017,45    -1,83344387914985    0,0766191184520721
13018,462    -1,42280792351812    0,114684671163559
13019,473    -1,58664223272353    0,114684671163559
13020,484    -1,58664223272353    0,0766191184520721
13021,495    -1,99727830477059    0,0766191184520721
13022,506    -1,0951393051073    0,152750223875046
13023,517    -1,99727830477059    0,0766191184520721
13024,529    -1,83344387914985    0,0380655489861965
13025,54    -2,24302965216339    0,0766191184520721
13026,551    -1,99727830477059    0,0766191184520721
13027,563    -1,99727830477059    0,0380655489861965
13028,574    -1,99727830477059    0,152750223875046
13029,586    -1,83344387914985    0,0766191184520721
13030,597    -1,66855938732624    0,114684671163559
13031,609    -1,83344387914985    0,114684671163559
13032,62    -1,91536103375256    0,114684671163559
13033,632    -1,58664223272353    0,114684671163559
13034,643    -2,07919534295797    0,0380655489861965
13035,654    -2,07919534295797    0,0766191184520721
13036,666    -1,50472507812083    0,114684671163559
13037,677    -1,75152672454715    0,0766191184520721
13038,689    -1,83344387914985    0,0766191184520721
13039,7    -1,75152672454715    0,0766191184520721
13040,712    -1,42280792351812    0,0766191184520721
13041,722    -1,99727830477059    0,114684671163559
13042,734    -1,83344387914985    0,0766191184520721
13043,745    -1,83344387914985    0,0380655489861965
13044,756    -1,83344387914985    0,114684671163559
13045,768    -1,50472507812083    0,114684671163559
13046,779    -1,58664223272353    0,114684671163559
13047,791    -1,83344387914985    0,0380655489861965
13048,802    -1,42280792351812    0,0380655489861965
13049,814    -1,58664223272353    0,0766191184520721
13050,825    -1,99727830477059    0,0380655489861965
13051,836    -0,848337658680975    0,0766191184520721
13052,848    -1,91536103375256    0,114684671163559
13053,859    -1,99727830477059    0,152750223875046
13054,871    -1,99727830477059    0,0380655489861965
13055,882    -1,99727830477059    0,114684671163559
13056,894    -1,91536103375256    0,114684671163559
13057,905    -1,99727830477059    0,0380655489861965
13058,917    -1,75152672454715    0,0766191184520721
13059,928    -1,83344387914985    0,0766191184520721
13060,939    -1,99727830477059    0,0766191184520721
13061,95    -1,99727830477059    0,0380655489861965
13062,961    -1,83344387914985    0,0380655489861965
13063,973    -1,99727830477059    0,114684671163559
13064,984    -1,99727830477059    0,0380655489861965
13065,996    -1,83344387914985    0,0766191184520721
13067,008    -1,75152672454715    0,0380655489861965
13068,02    -1,83344387914985    0,0766191184520721
13069,031    -1,75152672454715    0,0766191184520721
13070,042    -1,91536103375256    0,114684671163559
13071,054    -1,75152672454715    0,0766191184520721
13072,064    -1,75152672454715    0,152750223875046
13073,077    -1,91536103375256    0,0766191184520721
13074,088    -1,50472507812083    0,0766191184520721
13075,099    -1,83344387914985    0,0766191184520721
13076,111    -1,25897361431271    0,0766191184520721
13077,123    -1,83344387914985    0,0380655489861965
13078,134    -1,83344387914985    0,0766191184520721
13079,145    -1,83344387914985    0,114684671163559
13080,156    -1,99727830477059    0,0766191184520721
13081,165    -1,91536103375256    0,0766191184520721
13082,177    -1,83344387914985    0,0766191184520721
13083,189    -1,83344387914985    0,0766191184520721
13084,2    -1,83344387914985    0,0766191184520721
13085,212    -1,91536103375256    0,0380655489861965
13086,224    -1,83344387914985    0,0766191184520721
13087,235    -1,66855938732624    0,0766191184520721
13088,245    -1,83344387914985    0,0766191184520721
13089,257    -1,83344387914985    0,0766191184520721
13090,268    -1,75152672454715    0,0380655489861965
13091,28    -1,83344387914985    0,114684671163559
13092,291    -1,83344387914985    0,0766191184520721
13093,304    -1,83344387914985    0,0766191184520721
13094,314    -1,75152672454715    0,0766191184520721
13095,326    -1,83344387914985    0,0766191184520721
13096,337    -1,83344387914985    0,0766191184520721
13097,348    -1,83344387914985    0,0766191184520721
13098,36    -1,83344387914985    0,114684671163559
13099,371    -1,75152672454715    0,0766191184520721
13100,382    -1,83344387914985    0,0766191184520721
13101,394    -1,58664223272353    0,0766191184520721
13102,406    -1,75152672454715    0,0766191184520721
13103,416    -1,50472507812083    0,0380655489861965
13104,429    -1,75152672454715    0,114684671163559
13105,44    -1,75152672454715    0,0766191184520721
13106,45    -1,83344387914985    0,0766191184520721
13107,462    -1,83344387914985    0,0380655489861965
13108,474    -1,75152672454715    0,114684671163559
13109,486    -1,83344387914985    0,0766191184520721
13110,496    -1,58664223272353    0,0766191184520721
13111,508    -1,83344387914985    0,0380655489861965
13112,52    -1,58664223272353    0,0766191184520721
13113,53    -1,83344387914985    0,0766191184520721
13114,542    -1,17705645971    0,0766191184520721
13115,553    -1,83344387914985    0,0766191184520721
13116,565    -1,83344387914985    0,0766191184520721
13117,577    -1,83344387914985    0,114684671163559
13118,589    -1,83344387914985    0,0380655489861965
13119,6    -1,83344387914985    0,0766191184520721
13120,61    -1,75152672454715    0
13121,621    -1,58664223272353    0,114684671163559
13122,633    -1,75152672454715    0,0380655489861965
13123,644    -1,50472507812083    0,0766191184520721
13124,656    -1,83344387914985    0,0766191184520721
13125,668    -1,34089076891541    0,0766191184520721
13126,678    -1,83344387914985    0,0380655489861965
13127,691    -1,75152672454715    0
13128,701    -1,58664223272353    0,114684671163559
13129,713    -1,83344387914985    0,0766191184520721
13130,724    -1,75152672454715    0,0380655489861965
13131,736    -1,75152672454715    0,0766191184520721
13132,747    -1,75152672454715    0,0766191184520721
13133,758    -1,91536103375256    0,114684671163559
13134,77    -1,75152672454715    0,114684671163559
13135,781    -1,50472507812083    0,0766191184520721
13136,793    -1,58664223272353    0,0766191184520721
13137,804    -1,75152672454715    0,0766191184520721
13138,816    -1,58664223272353    0,0766191184520721
13139,826    -1,99727830477059    0,114684671163559
13140,836    -1,91536103375256    0,0766191184520721
13141,849    -1,75152672454715    0,0766191184520721
13142,86    -1,83344387914985    0,0766191184520721
13143,871    -1,66855938732624    0,114684671163559
13144,883    -1,66855938732624    0,0766191184520721
13145,895    -1,83344387914985    0,0766191184520721
13146,905    -1,75152672454715    0,0766191184520721
13147,916    -1,75152672454715    0
13148,928    -1,50472507812083    0,152750223875046
13149,939    -1,75152672454715    0,0380655489861965
13150,951    -1,83344387914985    0,0766191184520721
13151,963    -1,66855938732624    0,0766191184520721
13152,974    -1,91536103375256    0,0380655489861965
13153,985    -1,58664223272353    0,0766191184520721
13154,997    -1,58664223272353    0,0380655489861965
13156,008    -1,83344387914985    0,0766191184520721
13157,019    -1,83344387914985    0,0380655489861965
13158,031    -1,91536103375256    0,114684671163559
13159,042    -1,99727830477059    0,0766191184520721
13160,053    -1,58664223272353    0,0766191184520721
13161,064    -1,83344387914985    0,0766191184520721
13162,076    -1,83344387914985    0,0766191184520721
13163,087    -1,75152672454715    0,0380655489861965
13164,099    -1,58664223272353    0,0766191184520721
13165,11    -1,91536103375256    0,0766191184520721
13166,121    -1,83344387914985    0,0766191184520721
13167,133    -1,50472507812083    0,0766191184520721
13168,144    -1,50472507812083    0,0766191184520721
13169,156    -1,83344387914985    0,0380655489861965
13170,167    -1,58664223272353    0,0766191184520721
13171,179    -1,75152672454715    0
13172,19    -1,83344387914985    -0,0380655489861965
13173,201    -1,83344387914985    0
13174,213    -1,66855938732624    0,0766191184520721
13175,225    -1,83344387914985    0,0766191184520721
13176,236    -1,75152672454715    0,0766191184520721
13177,247    -1,83344387914985    0,114684671163559
13178,259    -1,91536103375256    0,0766191184520721
13179,269    -1,50472507812083    -0,0380655489861965
13180,281    -1,50472507812083    0,0766191184520721
13181,292    -1,50472507812083    0,114684671163559
13182,304    -1,83344387914985    0,114684671163559
13183,315    -1,42280792351812    0
13184,326    -1,66855938732624    0,0380655489861965
13185,338    -1,50472507812083    0,0766191184520721
13186,349    -1,50472507812083    0,114684671163559
13187,361    -1,75152672454715    0,0766191184520721
13188,372    -1,91536103375256    0
13189,384    -1,34089076891541    0,114684671163559
13190,395    -1,50472507812083    0,114684671163559
13191,406    -1,25897361431271    0
13192,418    -1,83344387914985    0,0766191184520721
13193,429    -1,83344387914985    0,190815761685371
13194,441    -1,75152672454715    0,114684671163559
13195,452    -1,17705645971    0,0380655489861965
13196,464    -1,66855938732624    0
13197,475    -1,50472507812083    0
13198,487    -1,83344387914985    0,0766191184520721
13199,497    -1,75152672454715    0,0766191184520721
13200,507    -1,50472507812083    0
13201,519    -1,75152672454715    0,0380655489861965
13202,53    -1,34089076891541    0
13203,542    -1,75152672454715    0,0766191184520721