sec"	"µA"	"mV
21301,09    -0,766420504078269    178,470809936523
21301,688    -269,885271787643    0,114684671163559
21302,698    -63,3689761161804    0,0766191184520721
21303,71    -31,9453477859497    0,0766191184520721
21304,722    -21,8527354300022    0,114684671163559
21305,734    -16,8484374880791    0,0766191184520721
21306,744    -14,2228873446584    0,114684671163559
21307,756    -12,4175595119596    0,0766191184520721
21308,768    -11,2686194479465    0,0766191184520721
21309,778    -10,5303144082427    0,0766191184520721
21310,79    -9,87392757087946    0,0766191184520721
21311,8    -9,3813743442297    0,114684671163559
21312,812    -8,97178798913956    0,114684671163559
21313,824    -8,64306930452585    0,114684671163559
21314,836    -8,23243334889412    0,114684671163559
21315,848    -8,06859973818064    0,114684671163559
21316,858    -7,90476519614458    0,0766191184520721
21317,87    -7,82284792512655    0,0766191184520721
21318,882    -7,41221196949482    0,0766191184520721
21319,892    -7,24837742745876    0,0766191184520721
21320,904    -7,24837742745876    0,0766191184520721
21321,916    -7,00262608006597    0,0766191184520721
21322,928    -6,91965874284506    0,0380655489861965
21323,94    -7,08454335108399    0,0766191184520721
21324,95    -6,83774147182703    0,0766191184520721
21325,96    -6,67390739545226    0,0766191184520721
21326,974    -6,67390739545226    0,0766191184520721
21327,984    -6,59199012443423    0,0766191184520721
21328,996    -6,5100728534162    0,0380655489861965
21330,006    -6,34623877704144    0,114684671163559
21331,018    -6,5100728534162    0,0766191184520721
21332,028    -6,34623877704144    0,0766191184520721
21333,04    -6,42815604805946    0
21334,052    -6,26327143982053    0,0766191184520721
21335,064    -6,34623877704144    0,114684671163559
21336,074    -6,26327143982053    0,0380655489861965
21337,086    -6,34623877704144    0,0766191184520721
21338,098    -6,01752009242773    0,0766191184520721
21339,11    -6,01752009242773    0,0766191184520721
21340,12    -6,01752009242773    0,0766191184520721
21341,132    -6,09943689778447    0,0766191184520721
21342,144    -5,85368555039167    0,114684671163559
21343,154    -6,09943689778447    0,114684671163559
21344,166    -6,01752009242773    0,0766191184520721
21345,178    -6,01752009242773    0,0766191184520721
21346,188    -5,85368555039167    0,114684671163559
21347,2    -5,85368555039167    0,0766191184520721
21348,212    -5,77176827937365    0,152750223875046
21349,224    -5,6898514740169    0,0766191184520721
21350,234    -5,77176827937365    0,114684671163559
21351,244    -5,606884136796    0,0766191184520721
21352,258    -5,606884136796    0,114684671163559
21353,268    -5,606884136796    0,0380655489861965
21354,28    -5,606884136796    0,114684671163559
21355,292    -5,606884136796    0
21356,304    -5,606884136796    0,0380655489861965
21357,314    -5,52496686577797    0,114684671163559
21358,324    -5,606884136796    0,0766191184520721
21359,336    -5,606884136796    0,0766191184520721
21360,346    -5,606884136796    0,0766191184520721
21361,358    -5,606884136796    0,152750223875046
21362,37    -5,52496686577797    0,0766191184520721
21363,382    -5,606884136796    0,0766191184520721
21364,392    -5,606884136796    0,0766191184520721
21365,404    -5,606884136796    0,0766191184520721
21366,416    -5,606884136796    0,114684671163559
21367,428    -5,606884136796    0,0766191184520721
21368,438    -5,44304959475994    0,114684671163559
21369,45    -5,52496686577797    0,0766191184520721
21370,462    -5,44304959475994    0,0766191184520721
21371,472    -5,36113232374191    0,0766191184520721
21372,484    -5,44304959475994    0
21373,496    -5,44304959475994    0,114684671163559
21374,506    -5,44304959475994    0,0766191184520721
21375,518    -5,44304959475994    0,0766191184520721
21376,53    -5,36113232374191    0,0766191184520721
21377,54    -5,36113232374191    0,0380655489861965
21378,552    -5,44304959475994    0,0380655489861965
21379,564    -5,52496686577797    0,0766191184520721
21380,574    -5,36113232374191    0
21381,586    -5,44304959475994    0,0766191184520721
21382,598    -5,44304959475994    0,0766191184520721
21383,608    -5,52496686577797    0
21384,62    -5,36113232374191    0,0380655489861965
21385,632    -5,36113232374191    0,0766191184520721
21386,644    -5,36113232374191    0,0766191184520721
21387,654    -5,36113232374191    0,0380655489861965
21388,666    -5,44304959475994    0,0766191184520721
21389,678    -5,36113232374191    0,0766191184520721
21390,69    -5,36113232374191    0,0766191184520721
21391,7    -5,27921551838517    0
21392,712    -5,19729824736714    0,0380655489861965
21393,724    -5,44304959475994    0
21394,734    -5,27921551838517    0,114684671163559
21395,746    -5,44304959475994    0,0766191184520721
21396,756    -5,27921551838517    0,0766191184520721
21397,768    -5,19729824736714    0,0766191184520721
21398,78    -5,44304959475994    0,114684671163559
21399,792    -5,44304959475994    0,0766191184520721
21400,802    -5,36113232374191    0,0766191184520721
21401,814    -5,36113232374191    0,114684671163559
21402,826    -5,44304959475994    0,114684671163559
21403,836    -5,36113232374191    0,114684671163559
21404,848    -5,36113232374191    0,0766191184520721
21405,86    -5,44304959475994    0,0766191184520721
21406,872    -5,19729824736714    0,0766191184520721
21407,882    -5,36113232374191    0,114684671163559
21408,894    -5,36113232374191    0,0766191184520721
21409,904    -5,27921551838517    0,0380655489861965
21410,916    -5,19729824736714    0,0766191184520721
21411,928    -5,19729824736714    0,0766191184520721
21412,938    -5,19729824736714    0,0380655489861965
21413,95    -5,19729824736714    0,0766191184520721
21414,962    -5,36113232374191    0,114684671163559
21415,974    -5,19729824736714    0,0380655489861965
21416,984    -5,11538097634912    0,0766191184520721
21417,996    -5,19729824736714    -0,0380655489861965
21419,008    -5,19729824736714    0,114684671163559
21420,018    -5,36113232374191    0,114684671163559
21421,03    -5,11538097634912    0,0766191184520721
21422,04    -5,19729824736714    0,114684671163559
21423,052    -5,11538097634912    0
21424,064    -5,19729824736714    0,0766191184520721
21425,076    -5,19729824736714    0,0766191184520721
21426,086    -5,11538097634912    0,0766191184520721
21427,098    -5,03346370533109    0,0766191184520721
21428,108    -5,03346370533109    0,0766191184520721
21429,12    -5,11538097634912    0,0766191184520721
21430,132    -5,11538097634912    0,114684671163559
21431,142    -5,11538097634912    0,114684671163559
21432,154    -5,11538097634912    0,152750223875046
21433,166    -5,11538097634912    0,114684671163559
21434,178    -4,95049636811018    0,0766191184520721
21435,188    -5,03346370533109    0,0766191184520721
21436,2    -4,95049636811018    0
21437,212    -5,11538097634912    0,0380655489861965
21438,222    -4,95049636811018    0,0766191184520721
21439,234    -5,11538097634912    0,0766191184520721
21440,246    -4,86857956275344    0,0766191184520721
21441,258    -4,95049636811018    0,114684671163559
21442,268    -4,95049636811018    0,114684671163559
21443,28    -4,95049636811018    0,0766191184520721
21444,292    -5,11538097634912    0,0380655489861965
21445,302    -5,11538097634912    0
21446,314    -5,11538097634912    0,0380655489861965
21447,324    -4,95049636811018    0,0380655489861965
21448,336    -5,11538097634912    0,0380655489861965
21449,348    -5,11538097634912    0,0766191184520721
21450,36    -5,03346370533109    0
21451,37    -4,95049636811018    0,0766191184520721
21452,382    -5,03346370533109    0,0766191184520721
21453,394    -5,11538097634912    0
21454,404    -4,95049636811018    0,0766191184520721
21455,416    -5,11538097634912    0,0380655489861965
21456,428    -5,03346370533109    0,0380655489861965
21457,44    -5,19729824736714    0,114684671163559
21458,45    -5,11538097634912    0
21459,462    -5,03346370533109    0,0766191184520721
21460,474    -5,03346370533109    0
21461,484    -4,95049636811018    0
21462,496    -5,11538097634912    0,152750223875046
21463,508    -4,95049636811018    0
21464,52    -5,03346370533109    0,0766191184520721
21465,53    -5,03346370533109    0,0766191184520721
21466,542    -4,95049636811018    0,0766191184520721
21467,552    -4,95049636811018    0,0380655489861965
21468,564    -4,95049636811018    0,0766191184520721
21469,576    -5,03346370533109    0,0380655489861965
21470,588    -5,03346370533109    0,0380655489861965
21471,6    -4,95049636811018    0
21472,61    -5,03346370533109    0,0766191184520721
21473,622    -4,95049636811018    0,0766191184520721
21474,632    -4,95049636811018    0,0766191184520721
21475,644    -4,95049636811018    0,114684671163559
21476,656    -4,86857956275344    0,0766191184520721
21477,668    -4,86857956275344    0,0380655489861965
21478,678    -4,95049636811018    0
21479,69    -4,95049636811018    0,0766191184520721
21480,702    -4,95049636811018    0
21481,712    -4,95049636811018    0,0380655489861965
21482,724    -4,86857956275344    0,0766191184520721
21483,736    -4,95049636811018    0,0766191184520721
21484,748    -4,95049636811018    0,0766191184520721
21485,758    -4,86857956275344    0,0380655489861965
21486,768    -4,86857956275344    0,0380655489861965
21487,78    -4,86857956275344    0,0380655489861965
21488,792    -4,70474502071738    0,114684671163559
21489,804    -4,86857956275344    0,114684671163559
21490,814    -4,95049636811018    0,114684671163559
21491,826    -4,95049636811018    0,0766191184520721
21492,838    -4,86857956275344    0,114684671163559
21493,848    -4,95049636811018    0
21494,86    -4,86857956275344    0
21495,872    -4,95049636811018    0,0766191184520721
21496,884    -4,95049636811018    0,0380655489861965
21497,896    -4,95049636811018    0,114684671163559
21498,906    -4,95049636811018    0,0380655489861965
21499,918    -4,86857956275344    0,0380655489861965
21500,928    -4,86857956275344    0,0380655489861965
21501,94    -4,95049636811018    0,0380655489861965
21502,952    -4,86857956275344    0,0380655489861965
21503,962    -5,03346370533109    0,0766191184520721
21504,974    -4,95049636811018    0,114684671163559
21505,986    -4,86857956275344    0,0766191184520721
21506,996    -4,95049636811018    0,0766191184520721
21508,008    -5,03346370533109    0,0766191184520721
21509,02    -4,86857956275344    0,0766191184520721
21510,032    -4,86857956275344    0,0380655489861965
21511,042    -4,86857956275344    0,114684671163559
21512,054    -4,70474502071738    0,0380655489861965
21513,066    -4,78666229173541    0,0766191184520721
21514,076    -4,86857956275344    0,0380655489861965
21515,088    -4,78666229173541    0,0380655489861965
21516,098    -5,19729824736714    0
21517,11    -5,03346370533109    0,0380655489861965
21518,122    -5,11538097634912    0,0766191184520721
21519,134    -5,03346370533109    0,0766191184520721
21520,144    -5,03346370533109    0,0766191184520721
21521,156    -4,86857956275344    0,0380655489861965
21522,168    -5,03346370533109    0
21523,178    -5,11538097634912    0
21524,19    -4,95049636811018    0,0766191184520721
21525,202    -5,03346370533109    0,0766191184520721
21526,214    -4,95049636811018    0
21527,224    -4,95049636811018    0,0380655489861965
21528,236    -5,03346370533109    0
21529,248    -4,95049636811018    0,0766191184520721
21530,26    -4,86857956275344    0,0380655489861965
21531,27    -4,95049636811018    0
21532,282    -4,95049636811018    0,0766191184520721
21533,294    -5,11538097634912    0
21534,304    -5,03346370533109    0,0380655489861965
21535,316    -4,95049636811018    0
21536,326    -4,95049636811018    0,0380655489861965
21537,338    -4,95049636811018    0
21538,35    -5,11538097634912    0,0766191184520721
21539,362    -4,86857956275344    0,0380655489861965
21540,372    -4,95049636811018    0,0380655489861965
21541,384    -5,03346370533109    0,0766191184520721
21542,396    -4,95049636811018    0
21543,406    -5,11538097634912    0,0766191184520721
21544,418    -4,95049636811018    0,0766191184520721
21545,428    -5,03346370533109    0,0766191184520721
21546,44    -4,95049636811018    0
21547,452    -4,86857956275344    0,0380655489861965
21548,462    -4,95049636811018    0
21549,474    -4,95049636811018    0,0766191184520721
21550,486    -5,03346370533109    0
21551,498    -4,86857956275344    0,0766191184520721
21552,508    -5,03346370533109    0,0766191184520721
21553,52    -4,86857956275344    0
21554,53    -4,86857956275344    0,0380655489861965
21555,542    -4,95049636811018    0,0766191184520721
21556,554    -4,95049636811018    0,0380655489861965
21557,566    -4,95049636811018    0,0380655489861965
21558,576    -4,95049636811018    0,0766191184520721
21559,588    -4,86857956275344    0,0766191184520721
21560,6    -4,86857956275344    0,0380655489861965
21561,61    -4,86857956275344    0,0380655489861965
21562,622    -4,95049636811018    0,114684671163559
21563,634    -4,86857956275344    0,0380655489861965
21564,646    -4,86857956275344    0,0766191184520721
21565,656    -4,70474502071738    0,0766191184520721
21566,668    -4,86857956275344    0,0380655489861965
21567,678    -4,86857956275344    0,0380655489861965
21568,69    -4,78666229173541    0,114684671163559
21569,702    -4,78666229173541    0,0766191184520721
21570,712    -4,95049636811018    0,0766191184520721
21571,724    -4,86857956275344    0,0766191184520721
21572,736    -5,03346370533109    0
21573,748    -4,86857956275344    0
21574,758    -4,78666229173541    0,0766191184520721
21575,77    -4,86857956275344    0,0380655489861965
21576,782    -4,86857956275344    0,0766191184520721
21577,792    -4,86857956275344    0,0766191184520721
21578,804    -4,95049636811018    0,0380655489861965
21579,816    -4,86857956275344    0,0380655489861965
21580,828    -4,86857956275344    0
21581,838    -4,86857956275344    0,0766191184520721
21582,85    -4,86857956275344    0,0766191184520721
21583,862    -4,70474502071738    0,0380655489861965
21584,872    -4,70474502071738    0,0380655489861965
21585,884    -4,70474502071738    0,0766191184520721
21586,894    -4,78666229173541    0,0766191184520721
21587,906    -4,86857956275344    0,0380655489861965
21588,918    -4,70474502071738    -0,0380655489861965
21589,93    -4,86857956275344    0,0380655489861965
21590,94    -4,86857956275344    0,0380655489861965
21591,952    -4,95049636811018    0,0766191184520721
21592,964    -4,78666229173541    0,0766191184520721
21593,976    -4,78666229173541    0,0380655489861965
21594,986    -4,78666229173541    0
21595,998    -4,86857956275344    0,114684671163559
21597,01    -4,86857956275344    0
21598,02    -4,78666229173541    0,0766191184520721
21599,032    -4,86857956275344    0,0380655489861965
21600,042    -4,70474502071738    0,0380655489861965
21601,054    -4,86857956275344    0,0766191184520721