sec"	"µA"	"mV
21900,846    -0,848337658680975    38,7365760803223
21901,432    -102,013923227787    0,114684671163559
21902,442    -46,220988035202    0,0766191184520721
21903,454    -32,683651894331    0,0766191184520721
21904,466    -26,0378606617451    0,0766191184520721
21905,478    -21,6069836169481    0,114684671163559
21906,488    -18,4888802468777    0,0766191184520721
21907,5    -15,9452483057976    0,0766191184520721
21908,512    -14,0580032020807    0,0766191184520721
21909,522    -12,5813940539956    0,0766191184520721
21910,534    -11,4324539899826    0,0380655489861965
21911,546    -10,2845635265112    0,0766191184520721
21912,558    -9,46329161524773    0,0766191184520721
21913,568    -8,88882111757994    0,0766191184520721
21914,58    -8,23243334889412    0,0766191184520721
21915,592    -7,6590133830905    0,0766191184520721
21916,604    -7,08454335108399    0,0766191184520721
21917,614    -6,83774147182703    0,0766191184520721
21918,624    -6,34623877704144    0,0766191184520721
21919,636    -6,26327143982053    0,0766191184520721
21920,648    -5,9356028214097    0,0766191184520721
21921,66    -5,606884136796    0,114684671163559
21922,67    -5,44304959475994    0,0766191184520721
21923,682    -5,27921551838517    0,114684671163559
21924,694    -5,03346370533109    0,0766191184520721
21925,704    -4,95049636811018    0,0766191184520721
21926,716    -4,70474502071738    0,0766191184520721
21927,728    -4,62282774969935    0,0380655489861965
21928,74    -4,54091094434261    0,0766191184520721
21929,75    -4,45899367332458    0,0766191184520721
21930,762    -4,45899367332458    0,114684671163559
21931,774    -4,29410906508565    0,0380655489861965
21932,786    -4,21219179406762    0,0766191184520721
21933,796    -4,29410906508565    0,0766191184520721
21934,808    -2,48983129858971    0,0766191184520721
21935,82    -4,04835771769285    0,114684671163559
21936,83    -4,13027498871088    0
21937,844    -3,96644044667482    0,0766191184520721
21938,852    -4,04835771769285    0,190815761685371
21939,864    -4,04835771769285    0,0766191184520721
21940,876    -3,88452340848744    0,0766191184520721
21941,888    -3,80260613746941    0,0766191184520721
21942,9    -3,80260613746941    0,0380655489861965
21943,91    -3,72068909928203    0,114684671163559
21944,922    -3,80260613746941    0,0766191184520721
21945,932    -3,72068909928203    0,0380655489861965
21946,946    -3,72068909928203    0,0766191184520721
21947,956    -3,63772176206112    0,0766191184520721
21948,968    -3,55580449104309    0,0766191184520721
21949,98    -3,39197018183768    0,114684671163559
21950,99    -3,55580449104309    0,0380655489861965
21952,002    -3,47388745285571    0,0766191184520721
21953,012    -3,55580449104309    0,0766191184520721
21954,026    -3,55580449104309    0,0380655489861965
21955,036    -3,39197018183768    0,0766191184520721
21956,048    -3,39197018183768    0,0766191184520721
21957,06    -3,39197018183768    0,0766191184520721
21958,07    -3,39197018183768    0,114684671163559
21959,08    -3,39197018183768    0,0766191184520721
21960,09    -3,39197018183768    0,0766191184520721
21961,104    -3,31005314365029    0,0766191184520721
21962,114    -3,39197018183768    0,114684671163559
21963,126    -3,31005314365029    0,0766191184520721
21964,136    -3,31005314365029    0,114684671163559
21965,15    -3,22813587263227    0,0766191184520721
21966,16    -3,14621883444488    0,0766191184520721
21967,172    -3,22813587263227    0,0766191184520721
21968,182    -3,22813587263227    0,0766191184520721
21969,194    -3,22813587263227    0,0766191184520721
21970,206    -3,14621883444488    0,0766191184520721
21971,216    -3,31005314365029    0,0766191184520721
21972,228    -3,22813587263227    0,0766191184520721
21973,24    -3,22813587263227    0,114684671163559
21974,252    -3,14621883444488    0,0766191184520721
21975,262    -3,14621883444488    0
21976,274    -3,06430156342685    0
21977,286    -3,14621883444488    0,114684671163559
21978,298    -2,98133422620595    0,114684671163559
21979,308    -2,98133422620595    0,152750223875046
21980,32    -3,06430156342685    0,114684671163559
21981,332    -3,14621883444488    0,0380655489861965
21982,342    -3,06430156342685    0,0766191184520721
21983,354    -3,06430156342685    0,114684671163559
21984,364    -3,14621883444488    0,0380655489861965
21985,376    -3,14621883444488    0,0380655489861965
21986,388    -3,14621883444488    0,0766191184520721
21987,398    -3,14621883444488    0,0380655489861965
21988,41    -3,06430156342685    0,114684671163559
21989,422    -3,06430156342685    0,0766191184520721
21990,434    -3,06430156342685    0,0380655489861965
21991,444    -3,06430156342685    0,0766191184520721
21992,456    -1,42280792351812    0,114684671163559
21993,468    -1,75152672454715    0,0766191184520721
21994,48    -3,06430156342685    0,0766191184520721
21995,49    -3,55580449104309    0
21996,502    -2,98133422620595    0,0766191184520721
21997,514    -2,98133422620595    0,114684671163559
21998,524    -3,06430156342685    0,0766191184520721
21999,536    -3,06430156342685    0,114684671163559
22000,548    -2,98133422620595    0,0766191184520721
22001,56    -2,98133422620595    0,114684671163559
22002,57    -2,89941718801856    0,0766191184520721
22003,582    -2,98133422620595    0,0380655489861965
22004,592    -3,06430156342685    0
22005,604    -2,98133422620595    0,0766191184520721
22006,616    -2,89941718801856    0
22007,626    -3,06430156342685    0,114684671163559
22008,638    -2,89941718801856    0
22009,65    -3,14621883444488    0,0766191184520721
22010,662    -3,06430156342685    0,0766191184520721
22011,672    -3,14621883444488    0,0766191184520721
22012,684    -3,14621883444488    0,0766191184520721
22013,696    -3,06430156342685    0,0766191184520721
22014,706    -3,14621883444488    0,0766191184520721
22015,718    -2,98133422620595    0,0766191184520721
22016,73    -3,06430156342685    0
22017,742    -2,98133422620595    0,0766191184520721
22018,752    -2,89941718801856    0,0380655489861965
22019,764    -3,06430156342685    0,0380655489861965
22020,774    -3,06430156342685    0,114684671163559
22021,786    -3,14621883444488    0
22022,798    -3,06430156342685    0,0380655489861965
22023,808    -2,98133422620595    0,0766191184520721
22024,82    -3,14621883444488    0,0766191184520721
22025,83    -2,98133422620595    0,0766191184520721
22026,842    -2,98133422620595    0,0766191184520721
22027,854    -2,98133422620595    0,0380655489861965
22028,866    -2,98133422620595    0,0766191184520721
22029,876    -2,98133422620595    0,0766191184520721
22030,888    -2,98133422620595    0,0766191184520721
22031,9    -2,98133422620595    0,0380655489861965
22032,91    -2,98133422620595    0
22033,922    -2,98133422620595    0,0766191184520721
22034,934    -1,0951393051073    0,0766191184520721
22035,946    -2,98133422620595    0,0380655489861965
22036,956    -3,31005314365029    0,0766191184520721
22037,968    -2,89941718801856    0,0766191184520721
22038,978    -2,98133422620595    0,0380655489861965
22039,99    -2,98133422620595    0,0766191184520721
22041,002    -3,06430156342685    0,0766191184520721
22042,012    -2,81749991700053    0
22043,024    -2,89941718801856    0,0766191184520721
22044,036    -2,89941718801856    0,0380655489861965
22045,048    -2,98133422620595    0,0766191184520721
22046,058    -2,98133422620595    0
22047,07    -2,98133422620595    0,0380655489861965
22048,082    -2,81749991700053    0,0766191184520721
22049,092    -2,98133422620595    0,0766191184520721
22050,104    -2,89941718801856    0,114684671163559
22051,116    -2,89941718801856    0,0766191184520721
22052,128    -2,98133422620595    0,0766191184520721
22053,138    -2,89941718801856    -0,0380655489861965
22054,15    -2,89941718801856    0,0766191184520721
22055,162    -2,98133422620595    0,0766191184520721
22056,172    -2,98133422620595    0,0766191184520721
22057,184    -2,89941718801856    0,0766191184520721
22058,194    -2,89941718801856    0
22059,206    -2,98133422620595    0,0766191184520721
22060,218    -2,89941718801856    0
22061,23    -2,98133422620595    0,0380655489861965
22062,24    -2,73558287881315    0,0766191184520721
22063,252    -2,89941718801856    0
22064,264    -2,89941718801856    0,0380655489861965
22065,274    -2,98133422620595    0
22066,286    -2,98133422620595    0,0380655489861965
22067,298    -2,81749991700053    0
22068,31    -2,73558287881315    0
22069,32    -2,89941718801856    0
22070,332    -2,65366560779512    0
22071,344    -2,73558287881315    0,0766191184520721
22072,356    -2,73558287881315    0,0766191184520721
22073,366    -2,65366560779512    0,0766191184520721
22074,378    -2,65366560779512    0,0380655489861965
22075,388    -2,73558287881315    0
22076,4    -2,81749991700053    0,0766191184520721
22077,412    -2,89941718801856    0,0766191184520721
22078,422    -2,73558287881315    0,0380655489861965
22079,434    -2,57174856960773    0
22080,444    -2,65366560779512    0,0766191184520721
22081,456    -2,89941718801856    0,0766191184520721
22082,468    -2,57174856960773    0,114684671163559
22083,478    -2,73558287881315    0
22084,49    -2,81749991700053    0,0766191184520721
22085,502    -2,73558287881315    0,0380655489861965
22086,514    -2,89941718801856    0,0380655489861965
22087,524    -2,73558287881315    0,0766191184520721
22088,536    -2,89941718801856    0,0766191184520721
22089,548    -2,40791426040232    0,0380655489861965
22090,56    -2,65366560779512    0,0766191184520721
22091,57    -2,73558287881315    0,0766191184520721
22092,582    -2,73558287881315    0,0766191184520721
22093,594    -2,73558287881315    0
22094,604    -2,65366560779512    0,114684671163559
22095,616    -2,81749991700053    0
22096,626    -2,65366560779512    0
22097,638    -2,65366560779512    0,0766191184520721
22098,65    -2,89941718801856    0
22099,662    -2,57174856960773    0,0766191184520721
22100,672    -2,40791426040232    0,0380655489861965
22101,684    -2,65366560779512    0,0380655489861965
22102,696    -2,48983129858971    0,0380655489861965
22103,706    -2,73558287881315    0,0380655489861965
22104,72    -2,48983129858971    0,0766191184520721
22105,73    -2,57174856960773    0,0380655489861965
22106,742    -2,48983129858971    0,0380655489861965
22107,754    -2,57174856960773    0,0766191184520721
22108,766    -2,57174856960773    -0,0380655489861965
22109,776    -2,73558287881315    0,0766191184520721
22110,788    -2,65366560779512    0
22111,8    -2,48983129858971    0,0766191184520721
22112,81    -2,73558287881315    0,0766191184520721
22113,822    -2,73558287881315    0,0380655489861965
22114,832    -2,40791426040232    0,0380655489861965
22115,844    -2,65366560779512    0,0766191184520721
22116,856    -2,48983129858971    0,114684671163559
22117,866    -2,40791426040232    0,0766191184520721
22118,878    -2,32494692318141    0,0380655489861965
22119,888    -2,65366560779512    0,0766191184520721
22120,902    -2,65366560779512    0,0766191184520721
22121,912    -2,48983129858971    0,0766191184520721
22122,924    -2,48983129858971    0
22123,934    -2,81749991700053    0,0380655489861965
22124,946    -2,48983129858971    0,0766191184520721
22125,958    -2,48983129858971    0,114684671163559
22126,968    -2,48983129858971    0,0766191184520721
22127,98    -2,48983129858971    0,0380655489861965
22128,992    -2,40791426040232    0,0766191184520721
22130,004    -2,89941718801856    0,0766191184520721
22131,014    -2,73558287881315    0
22132,026    -2,48983129858971    0,0380655489861965
22133,038    -2,65366560779512    0,0380655489861965
22134,05    -2,32494692318141    0,114684671163559
22135,06    -2,48983129858971    0,0380655489861965
22136,072    -2,65366560779512    0,0766191184520721
22137,082    -2,57174856960773    0
22138,094    -2,48983129858971    0,0766191184520721
22139,106    -2,48983129858971    0,0766191184520721
22140,116    -2,65366560779512    0,0766191184520721
22141,128    -2,48983129858971    0,0380655489861965
22142,14    -2,48983129858971    0
22143,15    -2,48983129858971    0,114684671163559
22144,162    -2,65366560779512    0,0766191184520721
22145,172    -2,40791426040232    0,0766191184520721
22146,184    -2,40791426040232    0,0380655489861965
22147,196    -2,65366560779512    0,0766191184520721
22148,208    -2,57174856960773    0,0766191184520721
22149,218    -2,57174856960773    0,0380655489861965
22150,23    -2,40791426040232    0,0766191184520721
22151,242    -2,40791426040232    0,114684671163559
22152,254    -2,48983129858971    0,0766191184520721
22153,264    -2,40791426040232    0,0766191184520721
22154,276    -2,32494692318141    0,0380655489861965
22155,288    -2,40791426040232    0,0380655489861965
22156,298    -2,65366560779512    0
22157,31    -2,48983129858971    0,0766191184520721
22158,322    -2,48983129858971    0,0766191184520721
22159,334    -2,40791426040232    0,0380655489861965
22160,344    -2,48983129858971    0,0766191184520721
22161,356    -2,40791426040232    0,114684671163559
22162,366    -2,48983129858971    0,0766191184520721
22163,378    -2,40791426040232    0,0766191184520721
22164,39    -2,40791426040232    0,0766191184520721
22165,4    -2,65366560779512    0,0766191184520721
22166,412    -2,40791426040232    0,114684671163559
22167,424    -2,48983129858971    0
22168,436    -2,32494692318141    0,0766191184520721
22169,446    -2,40791426040232    0,0380655489861965
22170,458    -2,32494692318141    0,0766191184520721
22171,47    -2,65366560779512    0,0380655489861965
22172,48    -2,57174856960773    0,0380655489861965
22173,492    -2,40791426040232    0,0380655489861965
22174,504    -2,48983129858971    0
22175,516    -2,40791426040232    0,0766191184520721
22176,526    -2,40791426040232    0,0380655489861965
22177,538    -2,48983129858971    0,0380655489861965
22178,55    -2,57174856960773    0,0766191184520721
22179,56    -2,40791426040232    0,114684671163559
22180,572    -2,48983129858971    0,0766191184520721
22181,582    -2,48983129858971    0,152750223875046
22182,594    -2,40791426040232    0,114684671163559
22183,606    -2,32494692318141    0,114684671163559
22184,618    -2,40791426040232    0,0766191184520721
22185,628    -2,40791426040232    0,0766191184520721
22186,64    -2,40791426040232    0,0766191184520721
22187,652    -2,65366560779512    0,0766191184520721
22188,662    -2,40791426040232    0,0766191184520721
22189,674    -2,40791426040232    0,0766191184520721
22190,686    -2,32494692318141    0,0766191184520721
22191,698    -2,48983129858971    0,114684671163559
22192,708    -2,40791426040232    0,0766191184520721
22193,72    -2,24302965216339    0,0766191184520721
22194,73    -2,48983129858971    0
22195,742    -2,07919534295797    0,0380655489861965
22196,754    -2,48983129858971    0,114684671163559
22197,764    -2,32494692318141    0,0766191184520721
22198,776    -2,48983129858971    0,0766191184520721
22199,788    -2,24302965216339    0,0766191184520721
22200,798    -2,40791426040232    0,0766191184520721