sec"	"µA"	"mV
25501,772    -0,930254813283682    123,07275390625
25501,922    -725,25429725647    0,114684671163559
25502,934    -71,9020143151283    0
25503,944    -27,4325534701347    0,0766191184520721
25504,956    -15,8633310347795    0,0380655489861965
25505,968    -11,5143703296781    0,0380655489861965
25506,98    -9,21753980219364    0,0766191184520721
25507,99    -7,82284792512655    0,0380655489861965
25509,002    -6,91965874284506    0,0766191184520721
25510,014    -6,59199012443423    0
25511,024    -5,9356028214097    0,114684671163559
25512,036    -5,606884136796    0,0766191184520721
25513,046    -5,36113232374191    0,0766191184520721
25514,058    -4,95049636811018    0,0766191184520721
25515,07    -4,86857956275344    0,114684671163559
25516,082    -4,78666229173541    0,114684671163559
25517,094    -4,54091094434261    0,0380655489861965
25518,104    -4,45899367332458    0,0766191184520721
25519,116    -4,37707640230656    0,0766191184520721
25520,128    -4,29410906508565    0,114684671163559
25521,14    -4,29410906508565    0,0766191184520721
25522,152    -4,04835771769285    0,114684671163559
25523,162    -3,88452340848744    0,0766191184520721
25524,174    -4,04835771769285    0,0766191184520721
25525,184    -4,13027498871088    0,0766191184520721
25526,196    -3,80260613746941    0,114684671163559
25527,208    -3,80260613746941    0,0766191184520721
25528,22    -3,72068909928203    0,0766191184520721
25529,232    -3,72068909928203    0,0766191184520721
25530,242    -3,80260613746941    0,114684671163559
25531,254    -3,63772176206112    0,152750223875046
25532,264    -3,80260613746941    0,0766191184520721
25533,274    -3,47388745285571    0,0766191184520721
25534,286    -3,55580449104309    0,114684671163559
25535,298    -3,55580449104309    0,0766191184520721
25536,31    -3,31005314365029    0,114684671163559
25537,322    -3,55580449104309    0,0766191184520721
25538,332    -3,55580449104309    0,114684671163559
25539,344    -3,39197018183768    0,114684671163559
25540,354    -3,31005314365029    0,0766191184520721
25541,368    -3,47388745285571    0,0766191184520721
25542,378    -3,22813587263227    0,0766191184520721
25543,39    -3,22813587263227    0,0766191184520721
25544,4    -3,39197018183768    0,0766191184520721
25545,414    -3,31005314365029    0,0766191184520721
25546,424    -3,14621883444488    0,0766191184520721
25547,436    -3,22813587263227    0,190815761685371
25548,446    -3,14621883444488    0,0766191184520721
25549,458    -3,14621883444488    0,0766191184520721
25550,47    -3,14621883444488    0,114684671163559
25551,482    -3,14621883444488    0,0380655489861965
25552,492    -3,14621883444488    0,0766191184520721
25553,504    -3,14621883444488    0,0766191184520721
25554,514    -3,06430156342685    0,114684671163559
25555,526    -3,14621883444488    0,0766191184520721
25556,538    -3,06430156342685    0,0766191184520721
25557,548    -3,14621883444488    0,152750223875046
25558,56    -3,06430156342685    0,0766191184520721
25559,572    -2,89941718801856    0,0766191184520721
25560,582    -3,14621883444488    0,190815761685371
25561,594    -3,14621883444488    0,0766191184520721
25562,606    -2,89941718801856    0,0766191184520721
25563,616    -2,98133422620595    0,0766191184520721
25564,628    -3,06430156342685    0,0766191184520721
25565,64    -2,98133422620595    0,114684671163559
25566,654    -2,98133422620595    0,114684671163559
25567,662    -3,06430156342685    0,0766191184520721
25568,674    -2,89941718801856    0,0766191184520721
25569,684    -3,06430156342685    0,114684671163559
25570,696    -2,98133422620595    0,114684671163559
25571,708    -3,06430156342685    0,114684671163559
25572,718    -2,98133422620595    0,0766191184520721
25573,73    -2,98133422620595    0,0380655489861965
25574,742    -3,14621883444488    0,114684671163559
25575,752    -2,89941718801856    0,0766191184520721
25576,764    -2,98133422620595    0,0766191184520721
25577,776    -2,89941718801856    0,0766191184520721
25578,786    -2,98133422620595    0,0766191184520721
25579,798    -2,98133422620595    0
25580,81    -2,89941718801856    0,0766191184520721
25581,82    -2,89941718801856    0,0766191184520721
25582,834    -2,98133422620595    0,0766191184520721
25583,844    -2,98133422620595    0,0766191184520721
25584,856    -2,89941718801856    0,0380655489861965
25585,868    -2,98133422620595    0,0380655489861965
25586,88    -2,98133422620595    0,0766191184520721
25587,89    -2,98133422620595    0,0766191184520721
25588,902    -2,89941718801856    0,114684671163559
25589,912    -3,06430156342685    0,0766191184520721
25590,922    -2,98133422620595    0,114684671163559
25591,934    -2,89941718801856    0,114684671163559
25592,946    -2,81749991700053    0,0766191184520721
25593,958    -2,89941718801856    0,0766191184520721
25594,97    -2,89941718801856    0,0766191184520721
25595,98    -2,98133422620595    0,114684671163559
25596,992    -2,81749991700053    0,0766191184520721
25598,004    -2,65366560779512    0,0380655489861965
25599,014    -2,89941718801856    0,114684671163559
25600,026    -2,81749991700053    0,0766191184520721
25601,038    -2,89941718801856    0,0766191184520721
25602,048    -2,89941718801856    0,114684671163559
25603,062    -2,73558287881315    0,0766191184520721
25604,072    -2,98133422620595    0,0766191184520721
25605,084    -2,98133422620595    0,0766191184520721
25606,096    -2,73558287881315    0,0766191184520721
25607,108    -2,65366560779512    0,0766191184520721
25608,118    -2,98133422620595    0,0766191184520721
25609,13    -2,98133422620595    0,190815761685371
25610,14    -2,89941718801856    0,0766191184520721
25611,15    -2,57174856960773    0,0766191184520721
25612,162    -2,81749991700053    0,0766191184520721
25613,174    -2,98133422620595    0,114684671163559
25614,186    -2,48983129858971    0,114684671163559
25615,196    -2,98133422620595    0,0766191184520721
25616,208    -3,06430156342685    0,0380655489861965
25617,22    -2,98133422620595    0,114684671163559
25618,23    -2,81749991700053    0,0766191184520721
25619,242    -2,73558287881315    0,114684671163559
25620,252    -2,73558287881315    0,0380655489861965
25621,264    -2,98133422620595    0,0766191184520721
25622,276    -2,65366560779512    0,114684671163559
25623,288    -2,73558287881315    0,0766191184520721
25624,298    -2,98133422620595    0,152750223875046
25625,31    -2,89941718801856    0,0766191184520721
25626,322    -2,89941718801856    0,152750223875046
25627,332    -2,89941718801856    0,0766191184520721
25628,344    -2,89941718801856    0,114684671163559
25629,356    -2,57174856960773    0,0380655489861965
25630,366    -2,57174856960773    0,114684671163559
25631,378    -2,73558287881315    0,0766191184520721
25632,39    -2,57174856960773    0,0766191184520721
25633,4    -2,65366560779512    0,0766191184520721
25634,412    -2,73558287881315    0,0766191184520721
25635,424    -2,40791426040232    0,0766191184520721
25636,436    -2,65366560779512    0,114684671163559
25637,446    -2,81749991700053    0,0766191184520721
25638,458    -2,73558287881315    0,0766191184520721
25639,468    -2,48983129858971    0,114684671163559
25640,48    -2,48983129858971    0,0380655489861965
25641,492    -2,81749991700053    0,114684671163559
25642,504    -2,73558287881315    0,0766191184520721
25643,514    -2,81749991700053    0,0766191184520721
25644,526    -2,40791426040232    0,0766191184520721
25645,538    -2,81749991700053    0,114684671163559
25646,55    -2,81749991700053    0,0766191184520721
25647,56    -2,32494692318141    0,114684671163559
25648,572    -2,65366560779512    0,0766191184520721
25649,584    -2,48983129858971    0,0380655489861965
25650,594    -2,73558287881315    0,0766191184520721
25651,606    -2,89941718801856    0,114684671163559
25652,616    -2,65366560779512    0,114684671163559
25653,628    -2,48983129858971    0,0766191184520721
25654,64    -2,48983129858971    0
25655,652    -2,89941718801856    0,0766191184520721
25656,662    -2,65366560779512    0,152750223875046
25657,674    -2,48983129858971    0,114684671163559
25658,686    -2,57174856960773    0,0766191184520721
25659,698    -2,48983129858971    0,0766191184520721
25660,708    -2,89941718801856    0,0766191184520721
25661,72    -2,65366560779512    0,114684671163559
25662,732    -2,73558287881315    0,0766191184520721
25663,742    -2,57174856960773    0,0380655489861965
25664,754    -2,57174856960773    0
25665,766    -2,57174856960773    0,114684671163559
25666,776    -2,73558287881315    0,0766191184520721
25667,788    -2,65366560779512    0,0766191184520721
25668,8    -2,48983129858971    0,0380655489861965
25669,81    -2,65366560779512    0,114684671163559
25670,822    -2,57174856960773    0,114684671163559
25671,834    -2,48983129858971    0,0380655489861965
25672,844    -2,48983129858971    0,114684671163559
25673,856    -2,73558287881315    0,0766191184520721
25674,868    -2,48983129858971    0,0766191184520721
25675,88    -2,40791426040232    0,0766191184520721
25676,892    -2,65366560779512    0
25677,902    -2,24302965216339    0,0766191184520721
25678,914    -2,57174856960773    0,0766191184520721
25679,924    -2,65366560779512    0,114684671163559
25680,936    -2,40791426040232    0,0766191184520721
25681,946    -2,57174856960773    0
25682,96    -2,40791426040232    0,0766191184520721
25683,97    -2,57174856960773    0
25684,982    -2,48983129858971    0,0766191184520721
25685,994    -2,57174856960773    0,0766191184520721
25687,006    -2,40791426040232    0,0380655489861965
25688,016    -2,40791426040232    0,0766191184520721
25689,026    -2,32494692318141    0,114684671163559
25690,038    -2,57174856960773    0,0766191184520721
25691,048    -2,48983129858971    0,0766191184520721
25692,06    -2,65366560779512    0,0766191184520721
25693,072    -2,65366560779512    0,114684671163559
25694,084    -2,40791426040232    0,0766191184520721
25695,096    -2,48983129858971    0,0766191184520721
25696,106    -2,24302965216339    0,0766191184520721
25697,118    -2,40791426040232    0,0766191184520721
25698,13    -2,48983129858971    0,0766191184520721
25699,142    -2,40791426040232    0,114684671163559
25700,152    -2,57174856960773    0,0766191184520721
25701,164    -2,40791426040232    0,0380655489861965
25702,174    -2,57174856960773    0,0766191184520721
25703,188    -2,48983129858971    0,0766191184520721
25704,198    -2,65366560779512    0,0766191184520721
25705,208    -2,57174856960773    0,114684671163559
25706,222    -2,24302965216339    0,0380655489861965
25707,232    -2,48983129858971    0,114684671163559
25708,244    -2,57174856960773    0,0380655489861965
25709,254    -2,40791426040232    0,0766191184520721
25710,266    -2,65366560779512    0,0380655489861965
25711,276    -2,48983129858971    0,0766191184520721
25712,288    -2,40791426040232    0,0766191184520721
25713,3    -2,48983129858971    0,0766191184520721
25714,312    -2,57174856960773    0,0380655489861965
25715,322    -2,24302965216339    0,0766191184520721
25716,334    -2,32494692318141    0,114684671163559
25717,346    -2,48983129858971    0,114684671163559
25718,358    -2,07919534295797    0,0766191184520721
25719,368    -2,57174856960773    0,0766191184520721
25720,386    -2,48983129858971    0,0766191184520721
25721,39    -2,40791426040232    0,0766191184520721
25722,402    -2,32494692318141    0,0766191184520721
25723,414    -2,48983129858971    0,0766191184520721
25724,426    -2,40791426040232    0,114684671163559
25725,438    -2,24302965216339    0,0766191184520721
25726,45    -2,48983129858971    0,0766191184520721
25727,46    -2,48983129858971    0,114684671163559
25728,47    -2,48983129858971    0,114684671163559
25729,482    -2,48983129858971    0,114684671163559
25730,494    -2,48983129858971    0,114684671163559
25731,504    -2,57174856960773    0,0766191184520721
25732,516    -2,40791426040232    0,0766191184520721
25733,528    -2,24302965216339    0,0766191184520721
25734,54    -2,40791426040232    0,0766191184520721
25735,55    -2,40791426040232    0,0766191184520721
25736,562    -2,161112613976    0,0766191184520721
25737,574    -2,40791426040232    0,0766191184520721
25738,586    -2,40791426040232    0,114684671163559
25739,596    -1,99727830477059    0,114684671163559
25740,608    -2,40791426040232    0,0766191184520721
25741,618    -2,48983129858971    0,0766191184520721
25742,63    -2,48983129858971    0,0380655489861965
25743,64    -2,48983129858971    0
25744,652    -2,24302965216339    0
25745,664    -2,48983129858971    0,0766191184520721
25746,674    -2,40791426040232    0,114684671163559
25747,688    -2,32494692318141    0,0380655489861965
25748,696    -2,40791426040232    0,114684671163559
25749,71    -2,40791426040232    0,0766191184520721
25750,72    -2,48983129858971    0,0766191184520721
25751,732    -2,40791426040232    0,114684671163559
25752,742    -2,48983129858971    0,114684671163559
25753,756    -2,24302965216339    0,114684671163559
25754,766    -2,57174856960773    0,0766191184520721
25755,778    -2,40791426040232    0,0766191184520721
25756,79    -2,48983129858971    0,114684671163559
25757,802    -2,24302965216339    0,114684671163559
25758,812    -2,40791426040232    0,0766191184520721
25759,824    -2,40791426040232    0,152750223875046
25760,836    -2,24302965216339    0,0766191184520721
25761,846    -2,40791426040232    0,114684671163559
25762,858    -2,40791426040232    0,114684671163559
25763,87    -2,24302965216339    0,0766191184520721
25764,88    -2,40791426040232    0
25766,272    -2,32494692318141    0,0766191184520721
25766,904    -2,57174856960773    0,0766191184520721
25767,914    -2,40791426040232    0,0766191184520721
25768,924    -2,40791426040232    0,0766191184520721
25769,936    -2,07919534295797    0,0766191184520721
25770,948    -2,40791426040232    0,114684671163559
25771,96    -2,48983129858971    0,114684671163559
25772,97    -2,48983129858971    0,0380655489861965
25773,982    -2,48983129858971    0,114684671163559
25774,994    -2,24302965216339    0,114684671163559
25776,004    -2,40791426040232    0,0766191184520721
25777,016    -2,07919534295797    0,0766191184520721
25778,028    -2,40791426040232    0,114684671163559
25779,04    -2,07919534295797    0,0766191184520721
25780,05    -2,40791426040232    0,0766191184520721
25781,062    -2,48983129858971    0,114684671163559
25782,074    -2,24302965216339    0,0380655489861965
25783,086    -2,40791426040232    0,0380655489861965
25784,096    -2,32494692318141    0,114684671163559
25785,108    -2,40791426040232    0,0766191184520721
25786,12    -2,32494692318141    0,114684671163559
25787,13    -2,48983129858971    0,0380655489861965
25789,524    -2,40791426040232    0,0766191184520721
25790,126    -2,57174856960773    0,0766191184520721
25791,128    -2,24302965216339    0,0766191184520721
25794,004    -2,07919534295797    0,0380655489861965
25794,162    -2,57174856960773    0,114684671163559
25795,174    -2,24302965216339    0,114684671163559
25796,186    -2,48983129858971    0,114684671163559
25797,268    -2,24302965216339    0,114684671163559
25798,272    -2,48983129858971    0
25800,202    -2,40791426040232    0,0380655489861965
25800,548    -2,57174856960773    0,0766191184520721