sec"	"µA"	"mV
26101,252    -0,848337658680975    35,7250061035156
26101,854    -96,1064323782921    0,114684671163559
26102,864    -43,3496870100498    0,0766191184520721
26103,876    -30,3038544952869    0,0766191184520721
26104,888    -23,9857323467731    0,114684671163559
26105,898    -19,9654903262854    0,0766191184520721
26106,91    -17,0122720301151    0,0766191184520721
26107,922    -14,5505564287305    0,114684671163559
26108,932    -12,8271458670497    0,0766191184520721
26109,946    -11,5143703296781    0,0766191184520721
26110,956    -10,119678452611    0,0766191184520721
26111,968    -9,21753980219364    0,0766191184520721
26112,978    -8,47923569381237    0,0766191184520721
26113,99    -7,82284792512655    0,0766191184520721
26115,002    -7,24837742745876    0,114684671163559
26116,012    -6,75582466647029    0,0766191184520721
26117,026    -6,26327143982053    0
26118,036    -6,09943689778447    0,114684671163559
26119,048    -5,606884136796    0,0766191184520721
26120,06    -5,27921551838517    0,0766191184520721
26121,07    -4,95049636811018    0,0766191184520721
26122,082    -4,78666229173541    0
26123,094    -4,54091094434261    0,0380655489861965
26124,104    -4,37707640230656    0,152750223875046
26125,114    -4,13027498871088    0,114684671163559
26126,126    -4,04835771769285    0,0380655489861965
26127,138    -4,21219179406762    0,0380655489861965
26128,15    -3,80260613746941    0,0766191184520721
26129,162    -3,72068909928203    0,0766191184520721
26130,172    -3,72068909928203    0,0766191184520721
26131,184    -3,63772176206112    0,0766191184520721
26132,194    -3,55580449104309    0,0766191184520721
26133,206    -3,55580449104309    0,0766191184520721
26134,218    -3,39197018183768    0,0766191184520721
26135,23    -3,22813587263227    0,0380655489861965
26136,24    -3,14621883444488    0,0766191184520721
26137,252    -3,14621883444488    0,0766191184520721
26138,264    -2,98133422620595    0,0766191184520721
26139,276    -2,98133422620595    0,0380655489861965
26140,288    -2,98133422620595    0,0766191184520721
26141,298    -2,98133422620595    0,114684671163559
26142,31    -2,98133422620595    0,0380655489861965
26143,322    -2,89941718801856    0,0380655489861965
26144,332    -2,89941718801856    0,0766191184520721
26145,344    -2,65366560779512    0
26146,354    -2,65366560779512    0,0766191184520721
26147,366    -2,32494692318141    0,0380655489861965
26148,378    -2,32494692318141    0,0766191184520721
26149,388    -2,57174856960773    0,0766191184520721
26150,4    -2,48983129858971    0,114684671163559
26151,412    -2,40791426040232    0
26152,422    -2,161112613976    0,0380655489861965
26153,434    -2,32494692318141    0,0380655489861965
26154,446    -2,161112613976    0,0766191184520721
26155,458    -2,32494692318141    0,0766191184520721
26156,468    -1,83344387914985    0,114684671163559
26157,48    -2,24302965216339    0,0380655489861965
26158,492    -1,83344387914985    0,0766191184520721
26159,504    -1,99727830477059    0,114684671163559
26160,514    -1,91536103375256    0,0766191184520721
26161,526    -1,75152672454715    0,114684671163559
26162,536    -2,24302965216339    0,0766191184520721
26163,548    -1,75152672454715    0,0380655489861965
26164,558    -1,99727830477059    0,114684671163559
26165,57    -1,91536103375256    0,0766191184520721
26166,582    -1,83344387914985    0,114684671163559
26167,594    -1,83344387914985    0,114684671163559
26168,604    -1,99727830477059    0,0766191184520721
26169,616    -1,91536103375256    0
26170,626    -1,83344387914985    0,0766191184520721
26171,64    -1,58664223272353    0,0766191184520721
26172,65    -1,58664223272353    0,0380655489861965
26173,662    -2,161112613976    0,0766191184520721
26174,672    -1,75152672454715    0,0766191184520721
26175,686    -1,99727830477059    0,0380655489861965
26176,696    -1,91536103375256    0,0380655489861965
26177,708    -2,07919534295797    0,0766191184520721
26178,718    -2,24302965216339    0,0766191184520721
26179,73    -2,07919534295797    0,114684671163559
26180,742    -2,24302965216339    0,0766191184520721
26181,752    -1,75152672454715    0,0766191184520721
26182,764    -1,99727830477059    0,114684671163559
26183,776    -1,58664223272353    0,0766191184520721
26184,786    -1,99727830477059    0,0766191184520721
26185,798    -2,161112613976    0,114684671163559
26186,81    -1,99727830477059    0,114684671163559
26187,82    -1,58664223272353    0,0766191184520721
26188,832    -2,07919534295797    0,114684671163559
26189,844    -1,91536103375256    0,114684671163559
26190,856    -1,91536103375256    0,0766191184520721
26191,866    -2,07919534295797    0
26192,878    -1,99727830477059    0,0766191184520721
26193,888    -1,91536103375256    0,0766191184520721
26194,9    -1,99727830477059    0,0766191184520721
26195,912    -1,91536103375256    0,0766191184520721
26196,924    -1,91536103375256    0,0766191184520721
26197,936    -2,07919534295797    0,0766191184520721
26198,948    -1,99727830477059    0,0380655489861965
26199,958    -2,07919534295797    0
26200,968    -2,07919534295797    0,114684671163559
26201,98    -1,99727830477059    0,0766191184520721
26202,992    -1,99727830477059    0,0766191184520721
26204,002    -1,99727830477059    0,0766191184520721
26205,014    -1,99727830477059    0,0766191184520721
26206,026    -2,07919534295797    0
26207,036    -1,99727830477059    0
26208,048    -1,99727830477059    0,0766191184520721
26209,06    -1,99727830477059    0,0766191184520721
26210,07    -1,99727830477059    0,114684671163559
26211,082    -1,99727830477059    0,0766191184520721
26212,094    -1,99727830477059    0,0766191184520721
26213,106    -1,83344387914985    0,0766191184520721
26214,116    -1,83344387914985    0
26215,128    -1,99727830477059    0,0766191184520721
26216,14    -1,99727830477059    0,0766191184520721
26217,152    -1,99727830477059    0,114684671163559
26218,162    -1,99727830477059    0,114684671163559
26219,174    -1,99727830477059    0,114684671163559
26220,184    -1,99727830477059    0,0766191184520721
26221,196    -1,91536103375256    0,0766191184520721
26222,208    -1,99727830477059    0,0766191184520721
26223,218    -1,83344387914985    0,0766191184520721
26224,23    -1,99727830477059    0,0380655489861965
26225,24    -1,99727830477059    0,0380655489861965
26226,252    -1,99727830477059    0,0766191184520721
26227,264    -1,99727830477059    0,0766191184520721
26228,274    -1,99727830477059    0,0766191184520721
26229,286    -1,99727830477059    0,0766191184520721
26230,298    -1,99727830477059    0,0380655489861965
26231,31    -1,99727830477059    0,114684671163559
26232,32    -1,99727830477059    0,0766191184520721
26233,332    -1,91536103375256    0,0380655489861965
26234,344    -1,91536103375256    0,0766191184520721
26235,356    -1,99727830477059    0,0766191184520721
26236,366    -1,91536103375256    0,0766191184520721
26237,378    -1,99727830477059    0,0766191184520721
26238,39    -1,99727830477059    0,0766191184520721
26239,4    -1,99727830477059    0,0380655489861965
26240,412    -1,91536103375256    0,0766191184520721
26241,424    -1,99727830477059    0,0380655489861965
26242,434    -2,161112613976    0,0766191184520721
26243,446    -1,83344387914985    0
26244,456    -1,91536103375256    0,0766191184520721
26245,468    -2,07919534295797    0
26246,48    -1,83344387914985    0,0766191184520721
26247,492    -1,83344387914985    0,114684671163559
26248,502    -1,99727830477059    0,0766191184520721
26249,514    -1,91536103375256    0,114684671163559
26250,526    -1,99727830477059    0,0766191184520721
26251,538    -1,83344387914985    0
26252,548    -1,58664223272353    0,0766191184520721
26253,56    -1,50472507812083    0,0380655489861965
26254,572    -1,58664223272353    0,114684671163559
26255,582    -2,161112613976    0,0766191184520721
26256,594    -1,91536103375256    0,0766191184520721
26257,606    -1,83344387914985    0,0766191184520721
26258,618    -1,83344387914985    0,0766191184520721
26259,628    -1,83344387914985    0,0766191184520721
26260,64    -1,58664223272353    0,0766191184520721
26261,652    -1,75152672454715    0,114684671163559
26262,662    -1,83344387914985    0,0380655489861965
26263,674    -1,66855938732624    0,114684671163559
26264,686    -1,99727830477059    0,0766191184520721
26265,696    -1,42280792351812    0,114684671163559
26266,708    -1,83344387914985    0,0766191184520721
26267,72    -1,83344387914985    0,0766191184520721
26268,732    -1,58664223272353    0,114684671163559
26269,742    -1,91536103375256    0,0766191184520721
26270,754    -1,83344387914985    0,0766191184520721
26271,766    -1,75152672454715    0,0766191184520721
26272,778    -1,58664223272353    0,0766191184520721
26273,788    -1,75152672454715    0,0766191184520721
26274,8    -1,66855938732624    0,114684671163559
26275,81    -1,83344387914985    0,0766191184520721
26276,824    -1,50472507812083    0,0380655489861965
26277,834    -1,99727830477059    0,0766191184520721
26278,846    -1,58664223272353    0,114684671163559
26279,858    -1,66855938732624    0,0380655489861965
26280,868    -1,83344387914985    0,114684671163559
26281,878    -1,42280792351812    0,0766191184520721
26282,89    -1,50472507812083    0,0380655489861965
26283,902    -1,50472507812083    0,0380655489861965
26284,912    -1,75152672454715    0,0766191184520721
26285,924    -1,66855938732624    0
26286,934    -1,58664223272353    0,152750223875046
26287,948    -1,50472507812083    0,0766191184520721
26288,958    -1,50472507812083    0,0766191184520721
26289,97    -1,42280792351812    0,114684671163559
26290,982    -1,83344387914985    0,0766191184520721
26291,992    -1,66855938732624    0,0766191184520721
26293,004    -1,25897361431271    0,0766191184520721
26294,014    -1,83344387914985    0,0766191184520721
26295,026    -1,75152672454715    0,0766191184520721
26296,038    -1,50472507812083    0,0766191184520721
26297,05    -1,83344387914985    0,114684671163559
26298,062    -1,75152672454715    0
26299,072    -1,34089076891541    0,152750223875046
26300,084    -1,50472507812083    0,0380655489861965
26301,094    -1,58664223272353    0
26302,106    -1,34089076891541    0,114684671163559
26303,116    -1,83344387914985    0,114684671163559
26304,128    -1,50472507812083    0,114684671163559
26305,14    -1,25897361431271    0,0766191184520721
26306,152    -1,50472507812083    0
26307,162    -1,42280792351812    0,0766191184520721
26308,174    -1,58664223272353    0,114684671163559
26309,186    -1,91536103375256    0
26310,196    -1,66855938732624    0,190815761685371
26311,208    -1,75152672454715    0,0766191184520721
26312,22    -1,58664223272353    0,0766191184520721
26313,232    -1,75152672454715    0,0766191184520721
26314,244    -1,34089076891541    0,0380655489861965
26315,254    -1,99727830477059    0,114684671163559
26316,266    -1,99727830477059    0,114684671163559
26317,278    -1,91536103375256    0,190815761685371
26318,29    -1,25897361431271    0,114684671163559
26319,3    -1,42280792351812    0,114684671163559
26320,312    -1,75152672454715    0,0380655489861965
26321,322    -1,50472507812083    0,0766191184520721
26322,334    -1,58664223272353    0,114684671163559
26323,344    -2,161112613976    0,0766191184520721
26324,358    -1,17705645971    0,114684671163559
26325,368    -1,50472507812083    0,0380655489861965
26326,378    -1,83344387914985    0,190815761685371
26327,39    -1,83344387914985    0,0766191184520721
26328,402    -1,50472507812083    0,152750223875046
26329,424    -1,99727830477059    0,114684671163559
26330,426    -1,83344387914985    0,152750223875046
26331,436    -1,99727830477059    0,0766191184520721
26332,448    -1,99727830477059    0,0766191184520721
26333,458    -1,0951393051073    0
26334,472    -1,34089076891541    0
26335,482    -1,83344387914985    0,0766191184520721
26336,494    -1,0951393051073    0
26337,504    -1,0951393051073    0,0766191184520721
26338,516    -0,848337658680975    0,0766191184520721
26339,528    -1,34089076891541    0,114684671163559
26340,54    -1,83344387914985    0,114684671163559
26341,55    -1,34089076891541    0,114684671163559
26342,56    -1,75152672454715    0,0766191184520721
26343,572    -1,58664223272353    0,0380655489861965
26344,584    -1,0951393051073    0,114684671163559
26345,594    -0,930254813283682    0,0380655489861965
26346,606    -1,58664223272353    0
26347,618    -1,58664223272353    0,0766191184520721
26348,628    -1,25897361431271    0,114684671163559
26349,642    -1,17705645971    0,114684671163559
26350,652    -1,25897361431271    0,0766191184520721
26351,662    -1,50472507812083    0
26352,674    -1,34089076891541    0,114684671163559
26353,686    -1,58664223272353    0,0766191184520721
26354,698    -1,75152672454715    0,152750223875046
26355,708    -1,25897361431271    0,0380655489861965
26356,72    -0,930254813283682    0,0766191184520721
26357,732    -0,930254813283682    0,0766191184520721
26358,742    -1,42280792351812    0,0766191184520721
26359,754    -1,42280792351812    0,0766191184520721
26360,764    -1,83344387914985    0,114684671163559
26361,776    -1,25897361431271    0,0766191184520721
26362,788    -1,75152672454715    0,114684671163559
26363,8    -1,50472507812083    0,0766191184520721
26364,81    -1,25897361431271    0,0766191184520721
26365,822    -1,75152672454715    0,0766191184520721
26366,834    -1,83344387914985    0,0766191184520721
26367,844    -1,66855938732624    0,114684671163559
26368,856    -1,83344387914985    0,114684671163559
26369,868    -1,66855938732624    0,114684671163559
26370,88    -1,34089076891541    0,114684671163559
26371,89    -1,83344387914985    0,0766191184520721
26372,902    -1,75152672454715    0,0380655489861965
26373,914    -1,66855938732624    0,114684671163559
26374,926    -1,58664223272353    0,114684671163559
26375,936    -1,42280792351812    0,0766191184520721
26376,948    -0,684503349475563    0,114684671163559
26377,96    -1,17705645971    0,0380655489861965
26378,97    -0,848337658680975    0,0766191184520721
26379,982    -0,602586194872856    0,0380655489861965
26380,992    -1,75152672454715    0,0766191184520721
26382,004    -0,930254813283682    0,114684671163559
26383,016    -0,930254813283682    0,0380655489861965
26384,028    -1,34089076891541    0,0766191184520721
26385,038    -1,25897361431271    0,114684671163559
26386,05    -1,99727830477059    0,152750223875046
26387,062    -0,0281159445876256    0
26388,072    -1,01217196788639    0,0380655489861965
26389,084    -1,91536103375256    0,0766191184520721
26390,096    -1,83344387914985    0,0766191184520721
26391,108    -1,99727830477059    0,114684671163559
26392,12    -0,848337658680975    0,114684671163559
26393,13    -1,58664223272353    0,0766191184520721
26394,142    -1,25897361431271    0,0766191184520721
26395,152    -1,83344387914985    0,114684671163559
26396,164    -0,930254813283682    0,114684671163559
26397,176    -1,01217196788639    0,0766191184520721
26398,188    -1,34089076891541    0,114684671163559
26399,198    -1,01217196788639    0,0380655489861965
26400,208    -0,438751914771274    0,0380655489861965
26401,22    -1,0951393051073    0,114684671163559