sec"	"µA"	"mV
28203,376    -0,930254813283682    78,5409393310547
28203,49    -571,331977844238    0,152750223875046
28204,5    -46,057153493166    0,114684671163559
28205,512    -17,0941893011332    0,0766191184520721
28206,524    -9,95584484189749    0,114684671163559
28207,536    -7,08454335108399    0,152750223875046
28208,546    -5,85368555039167    0,0766191184520721
28209,558    -4,95049636811018    0,152750223875046
28210,568    -4,37707640230656    0,152750223875046
28211,58    -4,21219179406762    0,0766191184520721
28212,592    -3,96644044667482    0,114684671163559
28213,602    -3,55580449104309    0,0766191184520721
28214,614    -3,47388745285571    0,114684671163559
28215,626    -3,63772176206112    0,0766191184520721
28216,638    -3,31005314365029    0,114684671163559
28217,65    -3,14621883444488    0,114684671163559
28218,662    -3,31005314365029    0,0380655489861965
28219,672    -3,06430156342685    0,114684671163559
28220,684    -2,98133422620595    0,0766191184520721
28221,696    -2,98133422620595    0,0766191184520721
28222,706    -2,98133422620595    0,0766191184520721
28223,718    -2,89941718801856    0,0766191184520721
28224,728    -2,65366560779512    0,114684671163559
28225,74    -2,57174856960773    0,114684671163559
28226,75    -2,65366560779512    0,114684671163559
28227,762    -2,40791426040232    0,152750223875046
28228,774    -2,40791426040232    0,0766191184520721
28229,784    -2,32494692318141    0,0766191184520721
28230,796    -2,32494692318141    0,0766191184520721
28231,808    -2,24302965216339    0,114684671163559
28232,82    -2,24302965216339    0,0766191184520721
28233,83    -2,24302965216339    0,0766191184520721
28234,842    -2,07919534295797    0,152750223875046
28235,854    -1,99727830477059    0,114684671163559
28236,864    -1,99727830477059    0,114684671163559
28237,876    -2,07919534295797    0
28238,888    -1,75152672454715    0,0766191184520721
28239,9    -1,83344387914985    0,0766191184520721
28240,91    -1,99727830477059    0,114684671163559
28241,922    -1,75152672454715    0,0766191184520721
28242,934    -1,75152672454715    0,152750223875046
28243,946    -1,75152672454715    0,152750223875046
28244,956    -1,58664223272353    0,114684671163559
28245,968    -1,75152672454715    0,0766191184520721
28246,978    -1,75152672454715    0,0380655489861965
28247,99    -1,91536103375256    0,0766191184520721
28249,002    -1,50472507812083    0,0766191184520721
28250,012    -1,66855938732624    0,0766191184520721
28251,024    -1,75152672454715    0,0766191184520721
28252,036    -1,75152672454715    0,114684671163559
28253,048    -1,75152672454715    0,114684671163559
28254,058    -1,75152672454715    0,114684671163559
28255,07    -1,75152672454715    0,114684671163559
28256,082    -1,34089076891541    0,0766191184520721
28257,092    -1,83344387914985    0,114684671163559
28258,104    -1,99727830477059    0,0766191184520721
28259,116    -1,50472507812083    0,0766191184520721
28260,126    -1,83344387914985    0,0766191184520721
28261,138    -1,66855938732624    0,0766191184520721
28262,15    -1,75152672454715    0,0380655489861965
28263,16    -1,75152672454715    0,114684671163559
28264,172    -1,83344387914985    0,0766191184520721
28265,184    -2,07919534295797    0,0766191184520721
28266,194    -1,99727830477059    0,0766191184520721
28267,206    -1,75152672454715    0,0766191184520721
28268,216    -1,91536103375256    0,0380655489861965
28269,228    -1,91536103375256    0,0766191184520721
28270,24    -1,83344387914985    0,0766191184520721
28271,252    -1,99727830477059    0,0380655489861965
28272,262    -1,50472507812083    0,0766191184520721
28273,274    -1,83344387914985    0,0766191184520721
28274,286    -2,07919534295797    0,0766191184520721
28275,296    -1,99727830477059    0,0766191184520721
28276,308    -1,99727830477059    0,0766191184520721
28277,32    -1,91536103375256    0,0766191184520721
28278,332    -1,91536103375256    0,0766191184520721
28279,342    -1,99727830477059    0,0766191184520721
28280,354    -1,99727830477059    0
28281,366    -1,58664223272353    0,0766191184520721
28282,378    -1,99727830477059    0,0766191184520721
28283,388    -1,99727830477059    0,0766191184520721
28284,4    -1,99727830477059    0,114684671163559
28285,41    -1,99727830477059    0,0766191184520721
28286,422    -2,07919534295797    0,0766191184520721
28287,434    -1,83344387914985    0,0766191184520721
28288,444    -1,99727830477059    0,114684671163559
28289,458    -1,99727830477059    0,0766191184520721
28290,468    -1,91536103375256    0,0380655489861965
28291,478    -1,99727830477059    0,114684671163559
28292,49    -1,99727830477059    0,0766191184520721
28293,502    -1,99727830477059    0,0766191184520721
28294,514    -1,99727830477059    0,0380655489861965
28295,526    -1,99727830477059    0,114684671163559
28296,536    -2,07919534295797    0,0380655489861965
28297,548    -1,91536103375256    0,152750223875046
28298,56    -1,99727830477059    0,0766191184520721
28299,572    -1,99727830477059    0,0766191184520721
28300,582    -1,91536103375256    0,0766191184520721
28301,594    -1,99727830477059    0,0766191184520721
28302,604    -1,99727830477059    0,0766191184520721
28303,618    -1,99727830477059    0,0766191184520721
28304,628    -1,99727830477059    0,0766191184520721
28305,638    -1,99727830477059    0,114684671163559
28306,65    -1,99727830477059    0,114684671163559
28307,662    -1,99727830477059    0,114684671163559
28308,674    -1,99727830477059    0,0766191184520721
28309,684    -1,99727830477059    0,0766191184520721
28310,696    -1,99727830477059    0,0766191184520721
28311,708    -1,99727830477059    0,0766191184520721
28312,72    -1,99727830477059    0,0766191184520721
28313,73    -1,99727830477059    0,0766191184520721
28314,742    -1,99727830477059    0,0766191184520721
28315,754    -1,99727830477059    0,0766191184520721
28316,766    -1,99727830477059    0,114684671163559
28317,776    -1,99727830477059    0,114684671163559
28318,788    -1,91536103375256    0,0766191184520721
28319,798    -1,99727830477059    0,0380655489861965
28320,808    -1,83344387914985    0,190815761685371
28321,822    -1,83344387914985    0,0766191184520721
28322,832    -1,75152672454715    0,0766191184520721
28323,844    -1,99727830477059    0,114684671163559
28324,854    -1,83344387914985    0,114684671163559
28325,866    -1,99727830477059    0,114684671163559
28326,878    -1,83344387914985    0,114684671163559
28327,888    -1,91536103375256    0,0766191184520721
28328,9    -1,99727830477059    0
28329,91    -1,99727830477059    0,114684671163559
28330,924    -1,91536103375256    0,114684671163559
28331,934    -1,99727830477059    0,0766191184520721
28332,946    -1,99727830477059    0,0766191184520721
28333,958    -1,83344387914985    0,114684671163559
28334,968    -1,75152672454715    0
28335,98    -1,91536103375256    0,114684671163559
28336,992    -1,83344387914985    0,114684671163559
28338,004    -1,83344387914985    0,0766191184520721
28339,014    -1,75152672454715    0,0766191184520721
28340,026    -1,75152672454715    0,114684671163559
28341,036    -1,83344387914985    0,0766191184520721
28342,05    -1,66855938732624    0,114684671163559
28343,06    -1,66855938732624    0,0766191184520721
28344,07    -1,83344387914985    0,0766191184520721
28345,082    -1,83344387914985    0,0766191184520721
28346,092    -1,91536103375256    0,0766191184520721
28347,106    -1,91536103375256    0,0766191184520721
28348,116    -1,58664223272353    0,0766191184520721
28349,128    -1,66855938732624    0,0766191184520721
28350,138    -1,83344387914985    0,0766191184520721
28351,15    -1,66855938732624    0,114684671163559
28352,162    -1,83344387914985    0,0766191184520721
28353,174    -1,83344387914985    0,0766191184520721
28354,184    -1,58664223272353    0,114684671163559
28355,196    -1,66855938732624    0,0766191184520721
28356,208    -1,83344387914985    0,0766191184520721
28357,22    -1,58664223272353    0,114684671163559
28358,232    -1,66855938732624    0,0766191184520721
28359,242    -1,75152672454715    0,0380655489861965
28360,254    -1,75152672454715    0,0766191184520721
28361,264    -1,91536103375256    0,114684671163559
28362,278    -1,83344387914985    0,114684671163559
28363,288    -1,83344387914985    0,114684671163559
28364,298    -1,58664223272353    0,0766191184520721
28365,31    -1,58664223272353    0,0766191184520721
28366,32    -1,58664223272353    0,0766191184520721
28367,332    -1,75152672454715    0,0766191184520721
28368,344    -1,75152672454715    0,0766191184520721
28369,356    -1,58664223272353    0,0766191184520721
28370,366    -1,58664223272353    0,114684671163559
28371,378    -1,50472507812083    0,0766191184520721
28372,39    -1,58664223272353    0,152750223875046
28373,4    -1,75152672454715    0,0380655489861965
28374,414    -1,83344387914985    0,0766191184520721
28375,424    -1,83344387914985    0,0766191184520721
28376,436    -1,66855938732624    0,0766191184520721
28377,446    -1,66855938732624    0,0380655489861965
28378,458    -1,83344387914985    0,114684671163559
28379,47    -1,50472507812083    0,0766191184520721
28380,48    -1,75152672454715    0,0766191184520721
28381,492    -1,58664223272353    0,0766191184520721
28382,502    -1,83344387914985    0,114684671163559
28383,514    -1,58664223272353    0,114684671163559
28384,524    -1,75152672454715    0,0380655489861965
28385,536    -1,66855938732624    0,114684671163559
28386,548    -1,83344387914985    0,114684671163559
28387,56    -1,75152672454715    0,114684671163559
28388,57    -1,58664223272353    0,0766191184520721
28389,582    -1,75152672454715    0,114684671163559
28390,594    -1,75152672454715    0,0766191184520721
28391,604    -1,75152672454715    0,114684671163559
28392,616    -1,66855938732624    0,0766191184520721
28393,628    -1,75152672454715    0,0766191184520721
28394,64    -1,83344387914985    0,114684671163559
28395,65    -1,75152672454715    0,152750223875046
28396,662    -1,58664223272353    0,0766191184520721
28397,674    -1,50472507812083    0,0766191184520721
28398,684    -1,50472507812083    0,0380655489861965
28399,696    -1,34089076891541    0,114684671163559
28400,708    -1,58664223272353    0,0766191184520721
28401,72    -1,50472507812083    0,0766191184520721
28402,73    -1,75152672454715    0,114684671163559
28403,742    -1,58664223272353    0,0766191184520721
28404,752    -1,58664223272353    0,0380655489861965
28405,764    -1,66855938732624    0,0380655489861965
28406,776    -1,58664223272353    0,114684671163559
28407,786    -1,50472507812083    0,0380655489861965
28408,798    -1,91536103375256    0,0766191184520721
28409,81    -1,75152672454715    0,0766191184520721
28410,822    -1,58664223272353    0,0380655489861965
28411,832    -1,50472507812083    0,0766191184520721
28412,844    -1,58664223272353    0,114684671163559
28413,856    -1,50472507812083    0,0766191184520721
28414,866    -1,58664223272353    0,0766191184520721
28415,878    -1,58664223272353    0,114684671163559
28416,89    -1,66855938732624    0,0380655489861965
28417,902    -1,34089076891541    0,0766191184520721
28418,912    -1,34089076891541    0,0766191184520721
28419,924    -1,66855938732624    0,0766191184520721
28420,936    -1,50472507812083    0,114684671163559
28421,948    -1,66855938732624    0,0766191184520721
28422,958    -1,58664223272353    0,114684671163559
28423,968    -1,75152672454715    0,0766191184520721
28424,98    -1,50472507812083    0,114684671163559
28425,992    -1,42280792351812    0,114684671163559
28427,004    -1,58664223272353    0
28428,014    -1,50472507812083    0,114684671163559
28429,026    -1,66855938732624    0,114684671163559
28430,038    -1,58664223272353    0,0766191184520721
28431,05    -1,58664223272353    0,0766191184520721
28432,06    -1,34089076891541    0,114684671163559
28433,072    -1,58664223272353    0,114684671163559
28434,084    -1,75152672454715    0,114684671163559
28435,094    -1,75152672454715    0,0380655489861965
28436,106    -1,50472507812083    0,0380655489861965
28437,118    -1,58664223272353    0,0766191184520721
28438,13    -1,50472507812083    0,0766191184520721
28439,14    -1,50472507812083    0,114684671163559
28440,152    -1,42280792351812    0,0766191184520721
28441,162    -1,75152672454715    0,0766191184520721
28442,174    -1,50472507812083    0,0766191184520721
28443,186    -1,66855938732624    0,0380655489861965
28444,196    -1,58664223272353    0,0766191184520721
28445,208    -1,50472507812083    0,0766191184520721
28446,218    -1,34089076891541    0,0380655489861965
28447,232    -1,50472507812083    0,0766191184520721
28448,242    -1,58664223272353    0,0380655489861965
28449,254    -1,42280792351812    0,0380655489861965
28450,264    -1,66855938732624    0,0766191184520721
28451,278    -1,66855938732624    0,152750223875046
28452,288    -1,58664223272353    0,0766191184520721
28453,3    -1,66855938732624    0,0766191184520721
28454,312    -1,50472507812083    0,0766191184520721
28455,322    -1,66855938732624    0,0766191184520721
28456,334    -1,42280792351812    0,114684671163559
28457,344    -1,58664223272353    0,114684671163559
28458,356    -1,58664223272353    0,0766191184520721
28459,368    -1,42280792351812    0,114684671163559
28460,378    -1,75152672454715    0,114684671163559
28461,392    -1,50472507812083    0,0766191184520721
28462,402    -1,58664223272353    0,0766191184520721
28463,414    -1,50472507812083    0,0766191184520721
28464,424    -1,34089076891541    0,114684671163559
28465,436    -1,50472507812083    0,0766191184520721
28466,448    -1,50472507812083    0,0766191184520721
28467,458    -1,66855938732624    0,0766191184520721
28468,47    -1,75152672454715    0,114684671163559
28469,482    -1,58664223272353    0,0766191184520721
28470,492    -1,50472507812083    0,0766191184520721
28471,504    -1,42280792351812    0,0766191184520721
28472,516    -1,58664223272353    0,0766191184520721
28473,526    -1,66855938732624    0,0766191184520721
28474,538    -1,58664223272353    0,0766191184520721
28475,55    -1,58664223272353    0,114684671163559
28476,562    -1,50472507812083    0,114684671163559
28477,574    -1,34089076891541    0,0766191184520721
28478,584    -1,58664223272353    0,0766191184520721
28479,596    -1,42280792351812    0,114684671163559
28480,608    -1,50472507812083    0,114684671163559
28481,62    -1,50472507812083    0,0766191184520721
28482,628    -1,58664223272353    0,114684671163559
28483,64    -1,42280792351812    0,0766191184520721
28484,652    -1,50472507812083    0,0766191184520721
28485,664    -1,42280792351812    0,114684671163559
28486,676    -1,17705645971    0,114684671163559
28487,686    -1,58664223272353    0,114684671163559
28488,698    -1,34089076891541    0,114684671163559
28489,71    -1,58664223272353    0,0766191184520721
28490,72    -1,58664223272353    0,0766191184520721
28491,732    -1,58664223272353    0,0766191184520721
28492,744    -1,50472507812083    0,152750223875046
28493,754    -1,58664223272353    0,114684671163559
28494,766    -1,66855938732624    0,0766191184520721
28495,778    -1,42280792351812    0,0766191184520721
28496,79    -1,58664223272353    0,152750223875046
28497,802    -1,34089076891541    0,114684671163559
28498,812    -1,58664223272353    0,152750223875046
28499,824    -1,66855938732624    0,0766191184520721
28500,834    -1,50472507812083    0,0766191184520721