sec"	"µA"	"mV
4501,274    -0,930254813283682    187,735382080078
4501,629    -572,561740875244    0,0766191184520721
4502,64    -121,952347457409    0,0766191184520721
4503,652    -52,1284751594067    0,0766191184520721
4504,663    -31,9453477859497    0,0766191184520721
4505,674    -23,4123114496469    0
4506,685    -18,899517133832    0,114684671163559
4507,697    -16,1090828478336    0,0766191184520721
4508,708    -14,3048046156764    0,0380655489861965
4509,72    -12,8271458670497    0,114684671163559
4510,73    -12,1707580983639    0,114684671163559
4511,742    -11,2686194479465    0,114684671163559
4512,753    -10,7760662212968    0,114684671163559
4513,764    -10,2845635265112    0,0766191184520721
4514,776    -10,119678452611    0,0766191184520721
4515,787    -9,29945707321167    0,114684671163559
4516,799    -9,29945707321167    0,0766191184520721
4517,81    -9,3813743442297    0,0766191184520721
4518,822    -8,97178798913956    0,0766191184520721
4519,833    -8,80690384656191    0,114684671163559
4520,845    -8,80690384656191    0,0766191184520721
4521,856    -8,47923569381237    0,0766191184520721
4522,867    -8,80690384656191    0,114684671163559
4523,879    -8,31540115177631    0,0766191184520721
4524,89    -8,31540115177631    0,0766191184520721
4525,902    -8,15051607787609    0,0766191184520721
4526,913    -7,98668246716261    0,0766191184520721
4527,925    -7,82284792512655    0,114684671163559
4528,936    -7,82284792512655    0,0380655489861965
4529,946    -7,41221196949482    0,0766191184520721
4530,958    -7,33029469847679    0
4531,969    -7,6590133830905    0,0766191184520721
4532,981    -7,82284792512655    0
4533,992    -7,6590133830905    0,0766191184520721
4535,004    -7,16646062210202    0,0766191184520721
4536,015    -7,6590133830905    0,0766191184520721
4537,027    -7,57604604586959    0,114684671163559
4538,038    -7,16646062210202    0,0766191184520721
4539,05    -7,24837742745876    0,114684671163559
4540,061    -7,16646062210202    0,0380655489861965
4541,072    -7,08454335108399    0,114684671163559
4542,084    -7,24837742745876    0,0766191184520721
4543,095    -7,08454335108399    0,0766191184520721
4544,107    -6,91965874284506    0,0766191184520721
4545,118    -7,00262608006597    0,0380655489861965
4546,13    -7,00262608006597    0,114684671163559
4547,141    -6,91965874284506    0,0766191184520721
4548,152    -6,91965874284506    0,152750223875046
4549,164    -6,83774147182703    0,0766191184520721
4550,174    -6,91965874284506    0,0766191184520721
4551,186    -7,00262608006597    0,0766191184520721
4552,197    -6,75582466647029    0,0380655489861965
4553,209    -6,91965874284506    0,114684671163559
4554,22    -6,67390739545226    0,0766191184520721
4555,232    -6,91965874284506    0,0766191184520721
4556,243    -6,75582466647029    0,114684671163559
4557,254    -6,34623877704144    0,0766191184520721
4558,266    -6,83774147182703    0,152750223875046
4559,277    -6,59199012443423    0,0766191184520721
4560,288    -6,83774147182703    0,0380655489861965
4561,299    -6,67390739545226    0,0380655489861965
4562,311    -7,00262608006597    0,114684671163559
4563,322    -7,00262608006597    0,0380655489861965
4564,334    -7,16646062210202    0,114684671163559
4565,345    -6,34623877704144    0,0766191184520721
4566,356    -6,75582466647029    0,114684671163559
4567,368    -6,91965874284506    0,0766191184520721
4568,379    -6,83774147182703    0,0766191184520721
4569,39    -7,33029469847679    0,0766191184520721
4570,402    -6,91965874284506    0,114684671163559
4571,413    -6,75582466647029    0,0766191184520721
4572,425    -6,91965874284506    0,0380655489861965
4573,437    -6,59199012443423    0,0766191184520721
4574,448    -6,67390739545226    0,0766191184520721
4575,459    -6,67390739545226    0,0766191184520721
4576,471    -6,67390739545226    0,0766191184520721
4577,481    -6,67390739545226    0,0380655489861965
4578,494    -6,34623877704144    0,0766191184520721
4579,505    -6,34623877704144    0,114684671163559
4580,516    -6,5100728534162    0,0766191184520721
4581,527    -6,5100728534162    0,114684671163559
4582,539    -6,5100728534162    0,114684671163559
4583,551    -6,67390739545226    0,0766191184520721
4584,562    -6,5100728534162    0,114684671163559
4585,574    -6,34623877704144    0,114684671163559
4586,584    -6,26327143982053    0,0766191184520721
4587,596    -6,34623877704144    0,0766191184520721
4588,607    -6,59199012443423    0,0766191184520721
4589,618    -6,5100728534162    0,0766191184520721
4590,629    -6,5100728534162    0,114684671163559
4591,642    -6,67390739545226    0,0766191184520721
4592,653    -6,5100728534162    0,0766191184520721
4593,663    -6,5100728534162    0,152750223875046
4594,675    -6,26327143982053    0,0766191184520721
4595,686    -6,34623877704144    0,0380655489861965
4596,698    -6,26327143982053    0,0766191184520721
4597,71    -6,42815604805946    0,114684671163559
4598,722    -6,34623877704144    0,0766191184520721
4599,733    -6,5100728534162    0,114684671163559
4600,744    -6,5100728534162    0,114684671163559
4601,756    -6,42815604805946    0,114684671163559
4602,766    -6,26327143982053    0,114684671163559
4603,778    -6,5100728534162    0,0766191184520721
4604,789    -6,26327143982053    0,0766191184520721
4605,801    -6,26327143982053    0,114684671163559
4606,813    -6,42815604805946    0,0766191184520721
4607,824    -6,1813541688025    0,0766191184520721
4608,835    -6,26327143982053    0,0766191184520721
4609,846    -6,5100728534162    0,0766191184520721
4610,858    -6,26327143982053    0,152750223875046
4611,868    -6,26327143982053    0,0766191184520721
4612,881    -6,42815604805946    0,0380655489861965
4613,892    -6,34623877704144    0,114684671163559
4614,904    -6,34623877704144    0,0766191184520721
4615,914    -6,26327143982053    0,0380655489861965
4616,926    -6,26327143982053    0,0766191184520721
4617,937    -6,26327143982053    0,114684671163559
4618,948    -6,42815604805946    0,0766191184520721
4619,96    -6,34623877704144    0,0766191184520721
4620,97    -6,5100728534162    0,0766191184520721
4621,983    -6,34623877704144    0,0766191184520721
4622,993    -6,5100728534162    0,0766191184520721
4624,006    -6,26327143982053    0,114684671163559
4625,017    -6,26327143982053    0,0766191184520721
4626,028    -6,26327143982053    0,114684671163559
4627,039    -6,34623877704144    0,0766191184520721
4628,049    -6,42815604805946    0,0766191184520721
4629,062    -6,34623877704144    0,114684671163559
4630,073    -6,34623877704144    0,114684671163559
4631,085    -6,09943689778447    0,114684671163559
4632,095    -6,34623877704144    0,0380655489861965
4633,107    -5,85368555039167    0,114684671163559
4634,119    -6,09943689778447    0,0766191184520721
4635,13    -6,34623877704144    0,0766191184520721
4636,142    -6,09943689778447    0,114684671163559
4637,154    -6,26327143982053    0,0766191184520721
4638,164    -6,26327143982053    0,0766191184520721
4639,175    -6,34623877704144    0,0766191184520721
4640,187    -6,26327143982053    0,114684671163559
4641,198    -6,26327143982053    0,0766191184520721
4642,21    -6,09943689778447    0,0766191184520721
4643,221    -6,26327143982053    0,114684671163559
4644,233    -6,26327143982053    0,0766191184520721
4645,244    -6,26327143982053    0,0766191184520721
4646,255    -6,26327143982053    0,0766191184520721
4647,267    -6,26327143982053    0,114684671163559
4648,277    -6,34623877704144    0,0380655489861965
4649,29    -6,34623877704144    0,114684671163559
4650,3    -6,01752009242773    0,0766191184520721
4651,312    -6,09943689778447    0,0766191184520721
4652,324    -6,01752009242773    0,0766191184520721
4653,334    -6,26327143982053    0,0766191184520721
4654,346    -6,34623877704144    0,0766191184520721
4655,357    -6,26327143982053    0,0766191184520721
4656,369    -6,01752009242773    0,0766191184520721
4657,381    -6,26327143982053    0,0380655489861965
4658,392    -6,26327143982053    0
4659,403    -6,34623877704144    0,114684671163559
4660,416    -6,34623877704144    0,0766191184520721
4661,426    -6,5100728534162    0,0766191184520721
4662,437    -6,09943689778447    0,114684671163559
4663,449    -6,01752009242773    0,114684671163559
4664,46    -6,09943689778447    0,114684671163559
4665,472    -6,34623877704144    0,0766191184520721
4666,483    -6,5100728534162    0,114684671163559
4667,494    -6,26327143982053    0,0766191184520721
4668,505    -6,01752009242773    0,0766191184520721
4669,516    -6,34623877704144    0,114684671163559
4670,528    -6,09943689778447    0,0380655489861965
4671,539    -6,26327143982053    0,114684671163559
4672,551    -6,01752009242773    0,0766191184520721
4673,562    -6,26327143982053    0,0766191184520721
4674,574    -6,09943689778447    0,0766191184520721
4675,585    -6,09943689778447    0,0766191184520721
4676,597    -6,09943689778447    0,0766191184520721
4677,608    -6,34623877704144    0,114684671163559
4678,62    -6,34623877704144    0,0380655489861965
4679,631    -6,26327143982053    0,0766191184520721
4680,641    -6,26327143982053    0,0766191184520721
4681,653    -6,01752009242773    0,114684671163559
4682,664    -6,01752009242773    0,0766191184520721
4683,676    -6,01752009242773    0,0766191184520721
4684,687    -6,01752009242773    0,0766191184520721
4685,699    -5,9356028214097    0,0380655489861965
4686,71    -6,26327143982053    0,0380655489861965
4687,721    -6,34623877704144    0,0766191184520721
4688,732    -6,42815604805946    0,114684671163559
4689,743    -6,09943689778447    0,0766191184520721
4690,755    -6,26327143982053    0,114684671163559
4691,766    -6,01752009242773    0,0380655489861965
4692,778    -6,01752009242773    0,114684671163559
4693,789    -6,01752009242773    0,0766191184520721
4694,8    -5,85368555039167    0
4695,812    -6,01752009242773    0,0380655489861965
4696,823    -5,85368555039167    0,0766191184520721
4697,835    -6,01752009242773    0,0766191184520721
4698,846    -6,01752009242773    0
4699,858    -6,09943689778447    0,114684671163559
4700,869    -5,6898514740169    0,0766191184520721
4701,881    -6,09943689778447    0,0766191184520721
4702,892    -6,34623877704144    0,114684671163559
4703,904    -6,1813541688025    0,0766191184520721
4704,915    -6,01752009242773    0,152750223875046
4705,926    -5,9356028214097    0,0380655489861965
4706,937    -5,9356028214097    0,0766191184520721
4707,948    -6,01752009242773    0,114684671163559
4708,96    -6,1813541688025    0,0766191184520721
4709,971    -6,01752009242773    0,0766191184520721
4710,983    -5,85368555039167    0,0766191184520721
4711,994    -5,85368555039167    0,0766191184520721
4713,005    -6,01752009242773    0,0766191184520721
4714,017    -6,01752009242773    0,0766191184520721
4715,028    -6,26327143982053    0,114684671163559
4716,04    -6,01752009242773    0,0380655489861965
4717,051    -5,9356028214097    0,0766191184520721
4718,063    -5,85368555039167    0,0766191184520721
4719,074    -5,9356028214097    0,0766191184520721
4720,086    -5,85368555039167    0,0766191184520721
4721,097    -5,85368555039167    0,114684671163559
4722,108    -5,85368555039167    0,0380655489861965
4723,12    -5,9356028214097    0,0380655489861965
4724,131    -5,9356028214097    0,114684671163559
4725,143    -6,01752009242773    0,0766191184520721
4726,154    -5,9356028214097    0,0380655489861965
4727,165    -6,01752009242773    0,0766191184520721
4728,177    -6,09943689778447    0,0766191184520721
4729,189    -5,9356028214097    0,0380655489861965
4730,199    -6,01752009242773    0,0766191184520721
4731,21    -6,09943689778447    0
4732,223    -6,01752009242773    0
4733,233    -6,01752009242773    0,0766191184520721
4734,246    -5,85368555039167    0,0766191184520721
4735,256    -6,01752009242773    0,0766191184520721
4736,269    -6,01752009242773    0,0766191184520721
4737,28    -5,85368555039167    0,0766191184520721
4738,292    -6,01752009242773    0,0766191184520721
4739,302    -6,26327143982053    0,0766191184520721
4740,312    -5,9356028214097    0,114684671163559
4741,324    -5,85368555039167    0,0766191184520721
4742,335    -6,09943689778447    0,0766191184520721
4743,348    -6,01752009242773    0,114684671163559
4744,359    -5,77176827937365    0,0766191184520721
4745,37    -5,85368555039167    0
4746,381    -6,01752009242773    0
4747,392    -5,9356028214097    0,0766191184520721
4748,404    -5,9356028214097    0,0766191184520721
4749,415    -6,01752009242773    0,114684671163559
4750,427    -6,01752009242773    0
4751,437    -6,01752009242773    0,114684671163559
4752,449    -5,9356028214097    0,0766191184520721
4753,461    -6,01752009242773    0,0766191184520721
4754,472    -5,9356028214097    0,114684671163559
4755,484    -5,9356028214097    0,0766191184520721
4756,494    -5,77176827937365    0,0766191184520721
4757,507    -5,77176827937365    0
4758,518    -5,85368555039167    0,0766191184520721
4759,529    -5,85368555039167    0,0766191184520721
4760,54    -6,09943689778447    0,0766191184520721
4761,553    -6,01752009242773    0,114684671163559
4762,564    -5,9356028214097    0,0766191184520721
4763,575    -5,85368555039167    0,0766191184520721
4764,586    -5,9356028214097    0,114684671163559
4765,597    -5,9356028214097    0,0766191184520721
4766,608    -6,01752009242773    0,0766191184520721
4767,619    -5,85368555039167    0
4768,631    -5,85368555039167    0,0380655489861965
4769,643    -5,85368555039167    0,114684671163559
4770,654    -5,606884136796    0,0766191184520721
4771,666    -6,01752009242773    0,114684671163559
4772,678    -5,85368555039167    -0,0380655489861965
4773,689    -5,6898514740169    0,0766191184520721
4774,699    -6,01752009242773    0,0766191184520721
4775,711    -6,01752009242773    0,0766191184520721
4776,722    -5,77176827937365    0,0766191184520721
4777,734    -5,77176827937365    0,114684671163559
4778,746    -5,9356028214097    0,114684671163559
4779,757    -6,01752009242773    0,0766191184520721
4780,768    -6,09943689778447    0,0766191184520721
4781,78    -6,01752009242773    0,0766191184520721
4782,791    -5,606884136796    0,114684671163559
4783,803    -6,09943689778447    0,0766191184520721
4784,814    -5,606884136796    0,0766191184520721
4785,825    -5,85368555039167    0,0380655489861965
4786,836    -5,85368555039167    0,0766191184520721
4787,848    -6,09943689778447    0,0766191184520721
4788,86    -5,77176827937365    0,0766191184520721
4789,871    -6,01752009242773    0,0766191184520721
4790,882    -5,9356028214097    0,0766191184520721
4791,893    -5,9356028214097    0,0766191184520721
4792,905    -6,01752009242773    0,0766191184520721
4793,917    -6,01752009242773    0,0766191184520721
4794,928    -6,09943689778447    0,114684671163559
4795,939    -5,77176827937365    0,0766191184520721
4796,951    -6,01752009242773    0,114684671163559
4797,963    -5,85368555039167    0,0766191184520721
4798,973    -5,77176827937365    0,0380655489861965
4799,985    -5,606884136796    0,0766191184520721
4800,995    -5,77176827937365    0,0380655489861965
4802,006    -5,27921551838517    0,0766191184520721