sec"	"µA"	"mV
5100,958    -0,848337658680975    60,278263092041
5101,367    -233,86587202549    0,0766191184520721
5102,378    -92,4149081110954    0,0766191184520721
5103,391    -62,8774762153625    0,0380655489861965
5104,402    -48,5188700258732    0,0766191184520721
5105,412    -39,247527718544    0,114684671163559
5106,643    -31,5347127616405    0,114684671163559
5107,435    -27,9240570962429    0,0766191184520721
5108,447    -24,3144501000643    0,114684671163559
5109,459    -20,9505967795849    0,0766191184520721
5110,47    -18,6527147889137    0,0766191184520721
5111,484    -16,6016351431608    0,0766191184520721
5112,573    -14,7963082417846    0,0380655489861965
5113,505    -13,4835327044129    0,114684671163559
5114,516    -12,3356422409415    0,0766191184520721
5115,527    -11,5143703296781    0,114684671163559
5116,538    -10,6122316792607    0,0766191184520721
5117,55    -9,7100930288434    0,114684671163559
5118,561    -9,29945707321167    0,0380655489861965
5119,573    -8,80690384656191    0,0766191184520721
5120,583    -8,31540115177631    0,0766191184520721
5121,594    -7,90476519614458    0,0380655489861965
5122,606    -7,41221196949482    0,114684671163559
5123,617    -7,16646062210202    0,0766191184520721
5124,63    -6,75582466647029    0,0380655489861965
5125,641    -6,5100728534162    0,0766191184520721
5126,652    -6,26327143982053    0,0766191184520721
5127,663    -6,01752009242773    0,114684671163559
5128,675    -5,85368555039167    0,114684671163559
5129,686    -5,77176827937365    0,0766191184520721
5130,697    -5,44304959475994    0,0766191184520721
5131,709    -5,44304959475994    0
5132,72    -5,27921551838517    0,0766191184520721
5133,732    -5,27921551838517    0,0766191184520721
5134,743    -4,95049636811018    0,0766191184520721
5135,755    -4,86857956275344    0,0766191184520721
5136,766    -4,86857956275344    0,0766191184520721
5137,778    -4,95049636811018    0,0766191184520721
5138,788    -4,86857956275344    0,0380655489861965
5139,8    -4,62282774969935    0,0766191184520721
5140,811    -4,54091094434261    0
5141,822    -4,45899367332458    -0,0380655489861965
5142,834    -4,37707640230656    0,114684671163559
5143,845    -4,45899367332458    0,0766191184520721
5144,857    -4,29410906508565    0,0766191184520721
5145,868    -4,45899367332458    0,0766191184520721
5146,88    -4,45899367332458    0,0380655489861965
5147,891    -4,29410906508565    0,0766191184520721
5148,902    -4,37707640230656    0,0766191184520721
5149,914    -4,37707640230656    0
5150,925    -4,21219179406762    0
5151,937    -4,04835771769285    0,0766191184520721
5152,948    -4,21219179406762    0,0766191184520721
5153,96    -4,21219179406762    0,114684671163559
5154,971    -4,04835771769285    0,0766191184520721
5155,983    -4,04835771769285    0,0380655489861965
5156,994    -4,04835771769285    0,0380655489861965
5158,005    -4,04835771769285    0,0380655489861965
5159,016    -4,04835771769285    0,0380655489861965
5160,026    -3,96644044667482    0,0766191184520721
5161,038    -4,04835771769285    0,0766191184520721
5162,049    -3,88452340848744    0,0766191184520721
5163,061    -4,04835771769285    0,114684671163559
5164,072    -3,96644044667482    0,114684671163559
5165,083    -3,96644044667482    0
5166,095    -3,96644044667482    0
5167,106    -3,96644044667482    0,0380655489861965
5168,118    -3,88452340848744    0
5169,129    -3,88452340848744    0,0766191184520721
5170,141    -3,88452340848744    0,0766191184520721
5171,152    -3,80260613746941    0
5172,164    -3,80260613746941    0,0766191184520721
5173,175    -3,80260613746941    0,0380655489861965
5174,187    -3,63772176206112    0,0766191184520721
5175,198    -3,80260613746941    0,0380655489861965
5176,209    -3,80260613746941    0,0766191184520721
5177,221    -3,55580449104309    0
5178,231    -3,72068909928203    0
5179,243    -3,72068909928203    0,0766191184520721
5180,254    -3,80260613746941    0,114684671163559
5181,266    -3,63772176206112    0
5182,277    -3,63772176206112    0,0380655489861965
5183,288    -3,63772176206112    0,114684671163559
5184,3    -3,63772176206112    0,0766191184520721
5185,311    -3,72068909928203    0
5186,323    -3,63772176206112    0,114684671163559
5187,334    -3,63772176206112    0,0380655489861965
5188,346    -3,55580449104309    0,0766191184520721
5189,357    -3,72068909928203    0,0380655489861965
5190,369    -3,55580449104309    0,0766191184520721
5191,38    -3,55580449104309    0,0766191184520721
5192,392    -3,55580449104309    0,0766191184520721
5193,403    -3,47388745285571    0,0766191184520721
5194,415    -3,63772176206112    0,0766191184520721
5195,427    -3,55580449104309    0,0766191184520721
5196,437    -3,63772176206112    0,0380655489861965
5197,45    -3,55580449104309    0
5198,46    -3,55580449104309    0,0766191184520721
5199,472    -3,39197018183768    0,0380655489861965
5200,482    -3,39197018183768    0,0766191184520721
5201,493    -3,47388745285571    0,0380655489861965
5202,505    -3,55580449104309    0,0380655489861965
5203,516    -3,39197018183768    0,114684671163559
5204,528    -3,55580449104309    0,0766191184520721
5205,539    -3,39197018183768    0,0380655489861965
5206,552    -3,47388745285571    0,0766191184520721
5207,563    -3,39197018183768    0,114684671163559
5208,575    -3,47388745285571    0,0766191184520721
5209,586    -3,55580449104309    0,0380655489861965
5210,596    -3,39197018183768    0,0380655489861965
5211,608    -3,47388745285571    0,0766191184520721
5212,62    -3,55580449104309    0
5213,631    -3,39197018183768    0,0766191184520721
5214,642    -3,39197018183768    0,0766191184520721
5215,654    -3,55580449104309    0,0380655489861965
5216,666    -3,47388745285571    0,0766191184520721
5217,675    -3,39197018183768    0,0380655489861965
5218,688    -3,22813587263227    0,0380655489861965
5219,699    -3,39197018183768    -0,0380655489861965
5220,71    -3,47388745285571    0,0380655489861965
5221,721    -3,31005314365029    0,0380655489861965
5222,733    -3,31005314365029    0,0380655489861965
5223,743    -3,39197018183768    0,114684671163559
5224,756    -3,31005314365029    0
5225,767    -3,31005314365029    0,0380655489861965
5226,778    -3,22813587263227    0,0766191184520721
5227,789    -3,22813587263227    0,0766191184520721
5228,8    -3,31005314365029    0,0766191184520721
5229,813    -3,22813587263227    0,0766191184520721
5230,823    -3,22813587263227    0,114684671163559
5231,835    -3,14621883444488    0,0380655489861965
5232,846    -3,31005314365029    0,0766191184520721
5233,858    -3,31005314365029    0,0766191184520721
5234,869    -3,22813587263227    0,0766191184520721
5235,88    -3,14621883444488    0,114684671163559
5236,891    -3,14621883444488    0,0380655489861965
5237,903    -3,22813587263227    0,0380655489861965
5238,915    -3,14621883444488    0,114684671163559
5239,925    -3,22813587263227    0,114684671163559
5240,937    -3,14621883444488    0,0766191184520721
5241,948    -3,06430156342685    0,0766191184520721
5242,96    -3,22813587263227    0,0380655489861965
5243,971    -3,14621883444488    0,0766191184520721
5244,983    -2,98133422620595    0,0766191184520721
5245,994    -3,06430156342685    0,114684671163559
5247,006    -3,14621883444488    0,0766191184520721
5248,017    -3,14621883444488    0,0766191184520721
5249,028    -3,14621883444488    0,0766191184520721
5250,04    -3,14621883444488    0,114684671163559
5251,051    -2,98133422620595    0,0380655489861965
5252,064    -3,06430156342685    0,114684671163559
5253,075    -3,06430156342685    0,114684671163559
5254,085    -3,14621883444488    0,114684671163559
5255,097    -3,06430156342685    0,0766191184520721
5256,108    -3,22813587263227    0,0766191184520721
5257,12    -3,06430156342685    0,114684671163559
5258,13    -3,14621883444488    0,0766191184520721
5259,142    -2,98133422620595    0,114684671163559
5260,153    -2,98133422620595    0,0380655489861965
5261,164    -3,14621883444488    0
5262,176    -2,98133422620595    0,0766191184520721
5263,188    -3,14621883444488    0,0380655489861965
5264,2    -2,89941718801856    0,0766191184520721
5265,21    -3,14621883444488    0,0766191184520721
5266,222    -3,06430156342685    0,0766191184520721
5267,233    -2,98133422620595    0,114684671163559
5268,245    -3,14621883444488    0,0380655489861965
5269,256    -3,14621883444488    0,0766191184520721
5270,267    -3,06430156342685    0
5271,279    -3,14621883444488    0,114684671163559
5272,291    -2,98133422620595    0,114684671163559
5273,303    -3,06430156342685    0,0766191184520721
5274,313    -3,14621883444488    0,0766191184520721
5275,326    -2,89941718801856    0,0766191184520721
5276,335    -3,06430156342685    0
5277,347    -3,06430156342685    0,0766191184520721
5278,359    -3,14621883444488    0,0766191184520721
5279,369    -3,06430156342685    0,0766191184520721
5280,381    -2,89941718801856    0,0766191184520721
5281,391    -3,06430156342685    0,0766191184520721
5282,403    -3,06430156342685    0,0766191184520721
5283,415    -2,98133422620595    0,0380655489861965
5284,426    -2,98133422620595    0,0766191184520721
5285,437    -2,98133422620595    0,0766191184520721
5286,449    -3,14621883444488    0,0766191184520721
5287,46    -3,06430156342685    0,0766191184520721
5288,471    -3,14621883444488    0,114684671163559
5289,483    -3,14621883444488    0,0766191184520721
5290,494    -2,98133422620595    0,0766191184520721
5291,506    -2,98133422620595    0,114684671163559
5292,517    -3,06430156342685    0,0766191184520721
5293,529    -3,14621883444488    0,0766191184520721
5294,54    -2,98133422620595    0,0766191184520721
5295,552    -3,14621883444488    0,152750223875046
5296,562    -2,98133422620595    0,0766191184520721
5297,573    -2,98133422620595    0
5298,585    -3,06430156342685    0,0766191184520721
5299,596    -2,98133422620595    0,0766191184520721
5300,608    -3,06430156342685    0,0766191184520721
5301,619    -2,89941718801856    0,0766191184520721
5302,631    -3,06430156342685    0,0766191184520721
5303,642    -2,89941718801856    0,0766191184520721
5304,654    -2,89941718801856    0,0380655489861965
5305,665    -2,89941718801856    0,0380655489861965
5306,676    -2,98133422620595    0,0380655489861965
5307,688    -2,98133422620595    0,0766191184520721
5308,699    -2,98133422620595    0,114684671163559
5309,711    -3,06430156342685    0,0380655489861965
5310,722    -2,89941718801856    0,0766191184520721
5311,734    -2,98133422620595    0,0766191184520721
5312,745    -2,98133422620595    0,0766191184520721
5313,757    -2,89941718801856    0,0766191184520721
5314,768    -2,89941718801856    0
5315,778    -2,89941718801856    0,0766191184520721
5316,79    -3,06430156342685    0
5317,801    -2,98133422620595    0,0766191184520721
5318,813    -2,98133422620595    0,114684671163559
5319,824    -2,89941718801856    0,0380655489861965
5320,836    -2,98133422620595    0,0766191184520721
5321,847    -2,89941718801856    0,0766191184520721
5322,858    -2,98133422620595    0,114684671163559
5323,87    -2,89941718801856    0,114684671163559
5324,881    -2,89941718801856    0,0380655489861965
5325,893    -2,98133422620595    0,114684671163559
5326,904    -2,98133422620595    0,114684671163559
5327,916    -2,98133422620595    0,114684671163559
5328,927    -2,89941718801856    0,0766191184520721
5329,939    -2,89941718801856    0,152750223875046
5330,95    -2,98133422620595    0,0766191184520721
5331,961    -2,98133422620595    0,0766191184520721
5332,973    -2,98133422620595    0,0766191184520721
5333,984    -2,89941718801856    0,114684671163559
5334,995    -2,98133422620595    0
5336,006    -2,89941718801856    0,152750223875046
5337,018    -2,98133422620595    0,0766191184520721
5338,029    -2,98133422620595    0,0766191184520721
5339,041    -2,98133422620595    0,0380655489861965
5340,051    -2,98133422620595    0,114684671163559
5341,062    -2,98133422620595    0,0380655489861965
5342,074    -2,89941718801856    0,0766191184520721
5343,085    -2,89941718801856    0,114684671163559
5344,097    -2,81749991700053    0,0380655489861965
5345,108    -2,89941718801856    0,0766191184520721
5346,12    -2,73558287881315    0,0766191184520721
5347,131    -2,89941718801856    0,114684671163559
5348,144    -2,81749991700053    0,0766191184520721
5349,154    -2,89941718801856    0,0766191184520721
5350,166    -2,81749991700053    0,0766191184520721
5351,178    -2,73558287881315    0,0766191184520721
5352,188    -2,89941718801856    0,0380655489861965
5353,2    -2,73558287881315    0,0380655489861965
5354,211    -2,89941718801856    0,0766191184520721
5355,222    -2,65366560779512    0,152750223875046
5356,234    -2,89941718801856    0,0766191184520721
5357,245    -2,73558287881315    0,0766191184520721
5358,256    -2,81749991700053    0,114684671163559
5359,268    -2,89941718801856    0,0766191184520721
5360,28    -2,73558287881315    0,114684671163559
5361,29    -2,81749991700053    0,114684671163559
5362,302    -2,73558287881315    0
5363,313    -2,89941718801856    0,0766191184520721
5364,326    -2,48983129858971    0,0380655489861965
5365,336    -2,73558287881315    0,114684671163559
5366,348    -2,65366560779512    0,114684671163559
5367,36    -2,73558287881315    0,0766191184520721
5368,37    -2,65366560779512    0,0766191184520721
5369,382    -2,89941718801856    0
5370,393    -2,89941718801856    0,0766191184520721
5371,406    -2,65366560779512    0,0766191184520721
5372,416    -2,89941718801856    0,114684671163559
5373,429    -2,48983129858971    0,0380655489861965
5374,438    -2,73558287881315    0,0766191184520721
5375,45    -2,65366560779512    0,114684671163559
5376,461    -2,81749991700053    0,0766191184520721
5377,473    -2,65366560779512    0,114684671163559
5378,485    -2,48983129858971    0,0766191184520721
5379,495    -2,73558287881315    0,0766191184520721
5380,508    -2,65366560779512    0,0766191184520721
5381,518    -2,65366560779512    0,0766191184520721
5382,531    -2,57174856960773    0,0766191184520721
5383,541    -2,65366560779512    0,0766191184520721
5384,553    -2,48983129858971    0,0380655489861965
5385,564    -2,48983129858971    0,114684671163559
5386,575    -2,73558287881315    0,0380655489861965
5387,587    -2,65366560779512    0
5388,599    -2,57174856960773    0,0766191184520721
5389,61    -2,40791426040232    0,0766191184520721
5390,622    -2,57174856960773    0,0766191184520721
5391,634    -2,48983129858971    0,0380655489861965
5392,644    -2,57174856960773    0,0766191184520721
5393,655    -2,57174856960773    0
5394,667    -2,65366560779512    0
5395,678    -2,48983129858971    0,0766191184520721
5396,69    -2,48983129858971    0,0766191184520721
5397,701    -2,48983129858971    0
5398,712    -2,65366560779512    0,0766191184520721
5399,723    -2,48983129858971    0,0766191184520721
5400,734    -2,73558287881315    0,0766191184520721