sec"	"µA"	"mV
7201,326    -0,684503349475563    42,2444648742676
7201,99    -115,470387041569    0,114684671163559
7203,001    -59,1029860079288    0,114684671163559
7204,012    -42,6933020353317    0,114684671163559
7205,024    -33,0113209784031    0
7206,035    -27,4325534701347    0,0766191184520721
7207,047    -22,5091222673655    0,0766191184520721
7208,058    -19,4739867001772    0,0766191184520721
7209,07    -16,6835524141788    0,114684671163559
7210,081    -14,6324736997485    0,114684671163559
7211,093    -12,9101127386093    0,0766191184520721
7212,104    -11,5973381325603    0,0766191184520721
7213,115    -10,3664807975292    0
7214,127    -9,46329161524773    0,0766191184520721
7215,138    -8,80690384656191    0,0380655489861965
7216,151    -7,90476519614458    0,0766191184520721
7217,161    -7,24837742745876    0,114684671163559
7218,173    -6,91965874284506    0,114684671163559
7219,184    -6,34623877704144    0,0766191184520721
7220,196    -5,85368555039167    0,0766191184520721
7221,206    -5,9356028214097    0,114684671163559
7222,218    -5,44304959475994    0,114684671163559
7223,23    -5,19729824736714    0,0766191184520721
7224,24    -5,03346370533109    0,114684671163559
7225,252    -4,78666229173541    0,114684671163559
7226,263    -4,70474502071738    0,0380655489861965
7227,276    -4,54091094434261    0,114684671163559
7228,286    -4,37707640230656    0,114684671163559
7229,298    -4,13027498871088    0,0766191184520721
7230,309    -4,04835771769285    0,114684671163559
7231,32    -3,96644044667482    0,0766191184520721
7232,333    -3,96644044667482    0,114684671163559
7233,343    -3,96644044667482    0,0766191184520721
7234,356    -3,72068909928203    0,0766191184520721
7235,367    -3,80260613746941    0,0766191184520721
7236,378    -3,63772176206112    0,0380655489861965
7237,389    -3,63772176206112    0,0380655489861965
7238,4    -3,55580449104309    0,0380655489861965
7239,412    -3,55580449104309    0,0766191184520721
7240,423    -3,55580449104309    0,114684671163559
7241,434    -3,47388745285571    0,0766191184520721
7242,445    -3,39197018183768    0,114684671163559
7243,458    -3,31005314365029    0,0766191184520721
7244,468    -3,31005314365029    0,114684671163559
7245,481    -3,14621883444488    0,0766191184520721
7246,491    -3,14621883444488    0,114684671163559
7247,504    -3,14621883444488    0,0766191184520721
7248,515    -3,14621883444488    0,114684671163559
7249,525    -3,14621883444488    0,0766191184520721
7250,537    -3,06430156342685    0,0380655489861965
7251,548    -2,98133422620595    0,0766191184520721
7252,561    -3,14621883444488    0,0766191184520721
7253,572    -2,89941718801856    0,152750223875046
7254,583    -3,06430156342685    0,0766191184520721
7255,594    -2,98133422620595    0,0766191184520721
7256,605    -3,14621883444488    0,0766191184520721
7257,617    -2,98133422620595    0,0766191184520721
7258,628    -3,06430156342685    0,114684671163559
7259,639    -3,06430156342685    0,0766191184520721
7260,649    -3,14621883444488    0,0766191184520721
7261,662    -2,98133422620595    0,114684671163559
7262,673    -2,98133422620595    0,0380655489861965
7263,684    -2,89941718801856    0,114684671163559
7264,695    -3,06430156342685    0,0766191184520721
7265,707    -2,89941718801856    0,0766191184520721
7266,718    -2,89941718801856    -0,0380655489861965
7267,73    -2,98133422620595    0,0766191184520721
7268,741    -2,89941718801856    0,0766191184520721
7269,752    -2,73558287881315    0,0380655489861965
7270,764    -2,89941718801856    0,114684671163559
7271,775    -2,65366560779512    0
7272,787    -2,81749991700053    0,0380655489861965
7273,799    -2,65366560779512    0,0766191184520721
7274,809    -2,89941718801856    0,0766191184520721
7275,821    -2,89941718801856    0,0380655489861965
7276,832    -2,40791426040232    0,114684671163559
7277,844    -2,73558287881315    0,0380655489861965
7278,855    -2,73558287881315    0,0766191184520721
7279,867    -2,57174856960773    0,0766191184520721
7280,878    -2,57174856960773    0,0766191184520721
7281,889    -2,57174856960773    0,0766191184520721
7282,9    -2,65366560779512    0,0766191184520721
7283,911    -2,48983129858971    0,0766191184520721
7284,923    -2,48983129858971    0,0766191184520721
7285,934    -2,48983129858971    0,114684671163559
7286,947    -2,48983129858971    0,0766191184520721
7287,957    -2,48983129858971    0,0380655489861965
7288,97    -2,48983129858971    0,0766191184520721
7289,98    -2,48983129858971    0,0766191184520721
7290,991    -2,48983129858971    0,114684671163559
7292,003    -2,65366560779512    0,114684671163559
7293,014    -2,48983129858971    0,0766191184520721
7294,026    -2,40791426040232    0,114684671163559
7295,037    -2,24302965216339    0,114684671163559
7296,049    -2,24302965216339    0,0380655489861965
7297,06    -2,48983129858971    0,0766191184520721
7298,072    -2,07919534295797    0,0380655489861965
7299,083    -2,40791426040232    0,0766191184520721
7300,093    -2,24302965216339    0,0766191184520721
7301,105    -2,40791426040232    0,114684671163559
7302,117    -2,32494692318141    0,0766191184520721
7303,128    -2,40791426040232    0,0380655489861965
7304,14    -2,161112613976    0,0766191184520721
7305,151    -2,40791426040232    0,0766191184520721
7306,162    -2,32494692318141    0,0766191184520721
7307,175    -2,24302965216339    0,114684671163559
7308,185    -2,32494692318141    0
7309,196    -2,07919534295797    0,0766191184520721
7310,208    -2,161112613976    0,0766191184520721
7311,219    -2,161112613976    0,0766191184520721
7312,231    -2,161112613976    0,114684671163559
7313,242    -1,99727830477059    0
7314,254    -2,161112613976    0,0766191184520721
7315,265    -2,161112613976    0,114684671163559
7316,276    -2,07919534295797    0,0766191184520721
7317,288    -2,24302965216339    0,0766191184520721
7318,299    -1,83344387914985    0,0766191184520721
7319,31    -2,32494692318141    0,0766191184520721
7320,32    -2,07919534295797    0,0766191184520721
7321,332    -1,99727830477059    0,0766191184520721
7322,343    -1,99727830477059    0,114684671163559
7323,355    -1,83344387914985    0,0380655489861965
7324,366    -2,07919534295797    0,0766191184520721
7325,377    -1,99727830477059    0,0766191184520721
7326,389    -2,07919534295797    0,0766191184520721
7327,4    -1,91536103375256    0,0766191184520721
7328,412    -1,83344387914985    0,0766191184520721
7329,423    -1,99727830477059    0,0766191184520721
7330,435    -2,07919534295797    0,114684671163559
7331,446    -1,91536103375256    0,114684671163559
7332,458    -1,99727830477059    0,114684671163559
7333,469    -1,99727830477059    0,0766191184520721
7334,48    -1,75152672454715    0,114684671163559
7335,492    -1,99727830477059    0,114684671163559
7336,503    -1,83344387914985    0,114684671163559
7337,515    -1,83344387914985    0,0766191184520721
7338,525    -1,91536103375256    0,0766191184520721
7339,537    -1,83344387914985    0,114684671163559
7340,548    -1,83344387914985    0,0380655489861965
7341,56    -1,91536103375256    0,0766191184520721
7342,571    -1,83344387914985    0,114684671163559
7343,582    -1,58664223272353    0,114684671163559
7344,594    -1,75152672454715    0,0766191184520721
7345,605    -1,83344387914985    0,114684671163559
7346,617    -1,83344387914985    0
7347,628    -1,91536103375256    0,0766191184520721
7348,64    -1,83344387914985    0,0766191184520721
7349,651    -1,83344387914985    0,0766191184520721
7350,663    -1,83344387914985    0,0766191184520721
7351,674    -1,91536103375256    0,0766191184520721
7352,685    -1,83344387914985    0,114684671163559
7353,697    -1,83344387914985    0,0766191184520721
7354,708    -1,83344387914985    0,0766191184520721
7355,72    -1,91536103375256    0,0380655489861965
7356,731    -1,58664223272353    0,114684671163559
7357,743    -1,91536103375256    0,0766191184520721
7358,753    -1,58664223272353    0,0766191184520721
7359,765    -1,75152672454715    0,0766191184520721
7360,776    -1,83344387914985    0,0766191184520721
7361,787    -1,58664223272353    0,0766191184520721
7362,799    -1,58664223272353    0,0766191184520721
7363,81    -1,66855938732624    0,0766191184520721
7364,822    -1,83344387914985    0,0766191184520721
7365,833    -1,75152672454715    0,0766191184520721
7366,845    -1,83344387914985    0,0766191184520721
7367,856    -1,75152672454715    0,0766191184520721
7368,867    -1,75152672454715    0,0766191184520721
7369,879    -1,66855938732624    0,0766191184520721
7370,89    -1,83344387914985    0,0766191184520721
7371,902    -1,75152672454715    0,0766191184520721
7372,913    -1,66855938732624    0,0380655489861965
7373,926    -1,91536103375256    0,0766191184520721
7374,936    -1,75152672454715    0,0380655489861965
7375,948    -1,66855938732624    0,0380655489861965
7376,96    -1,75152672454715    0
7377,969    -1,75152672454715    0,0766191184520721
7378,982    -1,83344387914985    0,0380655489861965
7379,993    -1,66855938732624    0,114684671163559
7381,003    -1,42280792351812    0,0766191184520721
7382,014    -1,75152672454715    0,0380655489861965
7383,027    -1,58664223272353    0,0766191184520721
7384,038    -1,58664223272353    0,0766191184520721
7385,05    -1,83344387914985    0,114684671163559
7386,06    -1,34089076891541    0
7387,072    -1,75152672454715    0,0766191184520721
7388,083    -1,58664223272353    0,114684671163559
7389,095    -1,58664223272353    0,0766191184520721
7390,107    -1,42280792351812    0,0766191184520721
7391,118    -1,66855938732624    0,0766191184520721
7392,129    -1,75152672454715    0,114684671163559
7393,14    -1,83344387914985    0,0766191184520721
7394,152    -1,58664223272353    0,0380655489861965
7395,163    -1,58664223272353    0,0766191184520721
7396,174    -1,58664223272353    0,0766191184520721
7397,185    -1,75152672454715    0,0380655489861965
7398,196    -1,34089076891541    0,0380655489861965
7399,208    -2,07919534295797    0,0766191184520721
7400,22    -1,50472507812083    0,0380655489861965
7401,231    -2,24302965216339    0,0380655489861965
7402,242    -1,66855938732624    0,0766191184520721
7403,253    -2,07919534295797    0,0766191184520721
7404,266    -1,50472507812083    0,0766191184520721
7405,276    -2,07919534295797    0,0380655489861965
7406,288    -2,65366560779512    0,0766191184520721
7407,299    -2,07919534295797    0
7408,311    -1,99727830477059    0,0766191184520721
7409,322    -1,99727830477059    0,0380655489861965
7410,334    -1,99727830477059    0,114684671163559
7411,346    -1,66855938732624    0,0766191184520721
7412,356    -2,161112613976    0,0766191184520721
7413,369    -1,66855938732624    0,0766191184520721
7414,379    -2,07919534295797    0,0766191184520721
7415,392    -1,99727830477059    0,0766191184520721
7416,403    -1,34089076891541    0,0766191184520721
7417,413    -1,99727830477059    0,0766191184520721
7418,424    -1,66855938732624    0
7419,436    -2,07919534295797    0,0380655489861965
7420,447    -1,91536103375256    0,0766191184520721
7421,46    -2,07919534295797    0,0766191184520721
7422,47    -1,91536103375256    0,0766191184520721
7423,482    -1,83344387914985    0,114684671163559
7424,494    -1,99727830477059    0,114684671163559
7425,505    -1,66855938732624    0,152750223875046
7426,516    -2,07919534295797    0,0766191184520721
7427,527    -1,99727830477059    0,114684671163559
7428,54    -1,99727830477059    0,114684671163559
7429,55    -1,34089076891541    0,0766191184520721
7430,561    -1,91536103375256    0,0766191184520721
7431,574    -1,91536103375256    0,0766191184520721
7432,585    -1,58664223272353    0
7433,597    -1,91536103375256    0,0766191184520721
7434,607    -2,07919534295797    0,0766191184520721
7435,619    -1,99727830477059    0,114684671163559
7436,63    -1,99727830477059    0,114684671163559
7437,641    -1,99727830477059    0,0766191184520721
7438,653    -1,58664223272353    0,0766191184520721
7439,664    -1,99727830477059    0,114684671163559
7440,675    -1,91536103375256    0,0766191184520721
7441,686    -1,99727830477059    0,0766191184520721
7442,697    -1,83344387914985    0
7443,708    -2,07919534295797    0,0766191184520721
7444,72    -1,99727830477059    0
7445,731    -1,50472507812083    0,114684671163559
7446,742    -1,99727830477059    0,0766191184520721
7447,754    -1,42280792351812    0,0766191184520721
7448,766    -1,99727830477059    0
7449,777    -1,91536103375256    0,0766191184520721
7450,788    -1,91536103375256    0,0766191184520721
7451,8    -1,91536103375256    0,0766191184520721
7452,811    -1,99727830477059    0,0766191184520721
7453,823    -1,99727830477059    0,114684671163559
7454,835    -1,91536103375256    0,0766191184520721
7455,846    -2,07919534295797    0,0766191184520721
7456,856    -1,99727830477059    0,0766191184520721
7457,867    -1,99727830477059    0,0380655489861965
7458,88    -1,75152672454715    0,0766191184520721
7459,891    -2,07919534295797    0,0380655489861965
7460,903    -2,07919534295797    0,0766191184520721
7461,914    -2,07919534295797    0,0766191184520721
7462,926    -1,91536103375256    0,0766191184520721
7463,936    -2,07919534295797    0,0766191184520721
7464,947    -1,91536103375256    0,114684671163559
7465,959    -1,99727830477059    0,114684671163559
7466,97    -1,99727830477059    0,114684671163559
7467,982    -1,99727830477059    0,0766191184520721
7468,993    -2,07919534295797    0,0766191184520721
7470,005    -1,91536103375256    0,114684671163559
7471,016    -1,75152672454715    0,0766191184520721
7472,028    -1,99727830477059    0,0380655489861965
7473,039    -1,99727830477059    0,0380655489861965
7474,05    -1,99727830477059    0,114684671163559
7475,062    -1,91536103375256    0,114684671163559
7476,072    -1,91536103375256    0,0766191184520721
7477,084    -1,91536103375256    0,0766191184520721
7478,095    -1,99727830477059    0,0766191184520721
7479,107    -1,99727830477059    0,0380655489861965
7480,118    -2,07919534295797    0
7481,129    -1,99727830477059    0,0766191184520721
7482,141    -1,99727830477059    0,0380655489861965
7483,152    -1,99727830477059    0,0766191184520721
7484,164    -1,99727830477059    0,0766191184520721
7485,175    -1,99727830477059    0,0766191184520721
7486,187    -1,99727830477059    0,0766191184520721
7487,198    -1,99727830477059    0,0380655489861965
7488,21    -1,99727830477059    0,0766191184520721
7489,221    -1,99727830477059    0,0766191184520721
7490,232    -1,91536103375256    0,0766191184520721
7491,244    -1,99727830477059    0,114684671163559
7492,255    -1,99727830477059    0
7493,267    -1,99727830477059    0,0766191184520721
7494,278    -1,99727830477059    0,0766191184520721
7495,289    -1,99727830477059    0,114684671163559
7496,3    -1,91536103375256    0,0766191184520721
7497,312    -1,91536103375256    0,114684671163559
7498,323    -1,91536103375256    0,0766191184520721
7499,334    -1,83344387914985    0,114684671163559
7500,345    -1,99727830477059    0,114684671163559