sec"	"µA"	"mV
976,214    -0,930254813283682    130,431121826172
976,99    -263,813942670822    0,114684671163559
978,002    -123,921506106853    0,0766191184520721
979,013    -85,1946473121643    0,0380655489861965
980,024    -65,6668618321419    0,0766191184520721
981,036    -53,4412488341331    0,0766191184520721
982,047    -45,1550148427486    0,0380655489861965
983,059    -38,918811827898    0,0766191184520721
984,07    -34,6528179943562    0,0766191184520721
985,082    -30,385771766305    0,0766191184520721
986,093    -27,5963880121708    0,114684671163559
987,105    -25,0527542084455    0
988,116    -22,6729568094015    0,0766191184520721
989,128    -21,1144313216209    0,114684671163559
990,139    -19,391018897295    0,0766191184520721
991,152    -18,3250457048416    0,114684671163559
992,163    -17,0122720301151    0,0766191184520721
993,173    -15,8633310347795    0,0766191184520721
994,186    -14,9611923843622    0,114684671163559
995,196    -14,3048046156764    0,0766191184520721
996,208    -13,4835327044129    0,0766191184520721
997,219    -12,8271458670497    0,0766191184520721
998,23    -12,2537259012461    0,114684671163559
999,242    -11,8430899456143    0,114684671163559
1000,253    -11,1867021769285    0,0766191184520721
1001,265    -11,0228676348925    0,0766191184520721
1002,276    -10,201595723629    0,0380655489861965
1003,287    -10,0377611815929    0
1004,299    -9,54520888626575    0,0766191184520721
1005,311    -9,46329161524773    0,0766191184520721
1006,322    -9,05370526015759    0,0766191184520721
1007,333    -8,80690384656191    0,0380655489861965
1008,344    -8,56115203350782    0,114684671163559
1009,356    -8,23243334889412    0,0766191184520721
1010,367    -8,15051607787609    0,0380655489861965
1011,378    -7,90476519614458    0,0380655489861965
1012,391    -7,82284792512655    0,0766191184520721
1013,401    -7,49412924051285    0,114684671163559
1014,413    -7,41221196949482    0,0766191184520721
1015,424    -7,33029469847679    0,0380655489861965
1016,435    -7,16646062210202    0,0766191184520721
1017,447    -7,00262608006597    0,0766191184520721
1018,458    -6,91965874284506    0,0766191184520721
1019,47    -6,75582466647029    0,0380655489861965
1020,479    -6,67390739545226    0,114684671163559
1021,492    -6,5100728534162    0,0766191184520721
1022,503    -6,34623877704144    0,0766191184520721
1023,514    -6,26327143982053    0,114684671163559
1024,525    -6,26327143982053    0
1025,536    -6,01752009242773    0
1026,548    -6,01752009242773    0,0380655489861965
1027,56    -6,01752009242773    0,0766191184520721
1028,571    -5,85368555039167    0,0380655489861965
1029,582    -5,77176827937365    0,0766191184520721
1030,594    -5,77176827937365    0,0380655489861965
1031,606    -5,6898514740169    0
1032,617    -5,6898514740169    0
1033,628    -5,52496686577797    0,0766191184520721
1034,638    -5,36113232374191    0,0380655489861965
1035,65    -5,36113232374191    0,0766191184520721
1036,662    -5,36113232374191    0,0380655489861965
1037,674    -5,36113232374191    0,0766191184520721
1038,685    -5,27921551838517    0,0766191184520721
1039,696    -5,36113232374191    0,0380655489861965
1040,707    -5,11538097634912    0,0766191184520721
1041,72    -5,19729824736714    0,0766191184520721
1042,731    -4,95049636811018    0,152750223875046
1043,741    -4,95049636811018    0,0766191184520721
1044,753    -4,95049636811018    0,152750223875046
1045,765    -5,03346370533109    0,0380655489861965
1046,777    -4,86857956275344    0,114684671163559
1047,788    -4,86857956275344    0,0766191184520721
1048,8    -4,86857956275344    0,0766191184520721
1049,81    -4,86857956275344    0,0766191184520721
1050,822    -4,70474502071738    0,0766191184520721
1051,833    -4,62282774969935    0,114684671163559
1052,846    -4,86857956275344    0,114684671163559
1053,856    -4,70474502071738    0,0766191184520721
1054,866    -4,70474502071738    0,0766191184520721
1055,879    -4,62282774969935    0,0766191184520721
1056,89    -4,62282774969935    0,114684671163559
1057,902    -4,70474502071738    0,0766191184520721
1058,912    -4,45899367332458    0,0380655489861965
1059,923    -4,45899367332458    0,0766191184520721
1060,935    -4,45899367332458    0,0766191184520721
1061,946    -4,45899367332458    0,0766191184520721
1062,959    -4,29410906508565    0,0766191184520721
1063,97    -4,37707640230656    0,0766191184520721
1064,981    -4,29410906508565    0,0766191184520721
1065,992    -4,54091094434261    0,0766191184520721
1067,005    -4,45899367332458    0,0766191184520721
1068,016    -4,29410906508565    0,114684671163559
1069,027    -4,54091094434261    0,114684671163559
1070,038    -4,45899367332458    0,0766191184520721
1071,049    -4,45899367332458    0
1072,062    -4,21219179406762    0,0380655489861965
1073,073    -4,29410906508565    0,0766191184520721
1074,084    -4,21219179406762    0,0380655489861965
1075,094    -4,29410906508565    0,0380655489861965
1076,106    -4,29410906508565    0,0766191184520721
1077,117    -4,29410906508565    0,0380655489861965
1078,129    -4,21219179406762    0,0766191184520721
1079,141    -4,29410906508565    0,0766191184520721
1080,151    -4,21219179406762    0,0766191184520721
1081,162    -4,21219179406762    0,0766191184520721
1082,173    -4,29410906508565    0,0766191184520721
1083,185    -3,96644044667482    0
1084,196    -3,96644044667482    0,0766191184520721
1085,207    -3,96644044667482    0
1086,219    -3,96644044667482    0
1087,23    -3,96644044667482    0,152750223875046
1088,242    -3,96644044667482    0,0766191184520721
1089,253    -4,04835771769285    0,114684671163559
1090,265    -3,96644044667482    0,114684671163559
1091,276    -4,13027498871088    0,0766191184520721
1092,288    -3,96644044667482    0,0766191184520721
1093,298    -4,04835771769285    0,0766191184520721
1094,31    -3,80260613746941    0,0380655489861965
1095,321    -3,96644044667482    0,0766191184520721
1096,332    -3,96644044667482    0,114684671163559
1097,344    -3,96644044667482    0,114684671163559
1098,355    -3,96644044667482    0,0766191184520721
1099,367    -3,96644044667482    0,0380655489861965
1100,378    -3,96644044667482    0,0766191184520721
1101,39    -4,13027498871088    0,0380655489861965
1102,401    -3,80260613746941    0,114684671163559
1103,412    -3,96644044667482    0,114684671163559
1104,424    -3,96644044667482    0,0766191184520721
1105,435    -3,96644044667482    0,0766191184520721
1106,447    -3,88452340848744    0
1107,458    -3,96644044667482    0,114684671163559
1108,47    -3,80260613746941    0,0380655489861965
1109,481    -3,88452340848744    0,0766191184520721
1110,493    -3,80260613746941    0,0766191184520721
1111,504    -3,80260613746941    0,0380655489861965
1112,515    -3,80260613746941    0,0380655489861965
1113,526    -3,88452340848744    0,0766191184520721
1114,537    -3,72068909928203    0,0766191184520721
1115,549    -3,80260613746941    0,114684671163559
1116,56    -3,80260613746941    0,0766191184520721
1117,572    -3,72068909928203    0,0766191184520721
1118,583    -3,88452340848744    0,114684671163559
1119,595    -3,80260613746941    0,0766191184520721
1120,606    -3,72068909928203    0,0766191184520721
1121,617    -3,63772176206112    0,0766191184520721
1122,629    -3,80260613746941    0,114684671163559
1123,64    -3,72068909928203    0,0766191184520721
1124,652    -3,72068909928203    0,0766191184520721
1125,663    -3,80260613746941    0,0766191184520721
1126,675    -3,80260613746941    0,0380655489861965
1127,686    -3,72068909928203    0,0380655489861965
1128,698    -3,63772176206112    0,0766191184520721
1129,709    -3,72068909928203    0,0766191184520721
1130,72    -3,63772176206112    0,0766191184520721
1131,732    -3,63772176206112    0,114684671163559
1132,742    -3,80260613746941    0,114684671163559
1133,754    -3,63772176206112    0,0766191184520721
1134,765    -3,63772176206112    0,0766191184520721
1135,777    -3,63772176206112    0,114684671163559
1136,788    -3,63772176206112    0,114684671163559
1137,8    -3,72068909928203    0,0380655489861965
1138,811    -3,63772176206112    0,0380655489861965
1139,822    -3,72068909928203    0,114684671163559
1140,833    -3,55580449104309    0,114684671163559
1141,844    -3,55580449104309    0
1142,856    -3,63772176206112    0,0766191184520721
1143,867    -3,63772176206112    0,114684671163559
1144,879    -3,63772176206112    0,114684671163559
1145,89    -3,63772176206112    0,0766191184520721
1146,903    -3,63772176206112    0,0380655489861965
1147,914    -3,63772176206112    0,0766191184520721
1148,925    -3,55580449104309    0,114684671163559
1149,937    -3,55580449104309    0,0766191184520721
1150,948    -3,63772176206112    0,0766191184520721
1151,958    -3,63772176206112    0,114684671163559
1152,969    -3,55580449104309    0,114684671163559
1153,981    -3,63772176206112    0,0766191184520721
1154,992    -3,55580449104309    0
1156,005    -3,55580449104309    0,114684671163559
1157,016    -3,55580449104309    0,152750223875046
1158,027    -3,63772176206112    0,0766191184520721
1159,039    -3,55580449104309    0,0766191184520721
1160,05    -3,55580449104309    0,0766191184520721
1161,062    -3,55580449104309    0,0766191184520721
1162,072    -3,55580449104309    0,0766191184520721
1163,085    -3,55580449104309    0,114684671163559
1164,096    -3,55580449104309    0,0766191184520721
1165,107    -3,55580449104309    0,0766191184520721
1166,118    -3,39197018183768    0,114684671163559
1167,129    -3,55580449104309    0,0766191184520721
1168,141    -3,39197018183768    0,114684671163559
1169,152    -3,55580449104309    0,114684671163559
1170,164    -3,63772176206112    0,0380655489861965
1171,175    -3,55580449104309    0,0766191184520721
1172,186    -3,55580449104309    0,114684671163559
1173,197    -3,55580449104309    0,0380655489861965
1174,209    -3,63772176206112    0,0766191184520721
1175,22    -3,47388745285571    0,114684671163559
1176,231    -3,55580449104309    0,0766191184520721
1177,243    -3,63772176206112    0,114684671163559
1178,254    -3,47388745285571    0,114684671163559
1179,267    -3,39197018183768    0,114684671163559
1180,278    -3,47388745285571    0,0766191184520721
1181,289    -3,55580449104309    0,114684671163559
1182,3    -3,39197018183768    0,114684671163559
1183,311    -3,31005314365029    0,114684671163559
1184,324    -3,39197018183768    0,0380655489861965
1185,335    -3,47388745285571    0,114684671163559
1186,347    -3,63772176206112    0,0766191184520721
1187,357    -3,55580449104309    0,0766191184520721
1188,369    -3,22813587263227    0,114684671163559
1189,381    -3,55580449104309    0,0380655489861965
1190,392    -3,47388745285571    0,0766191184520721
1191,403    -3,39197018183768    0,114684671163559
1192,413    -3,47388745285571    0,0766191184520721
1193,425    -3,55580449104309    0,0766191184520721
1194,436    -3,31005314365029    0,0380655489861965
1195,449    -3,31005314365029    0,0766191184520721
1196,46    -3,39197018183768    0,0380655489861965
1197,471    -3,31005314365029    0,152750223875046
1198,482    -3,55580449104309    0
1199,493    -3,39197018183768    0,0766191184520721
1200,504    -3,39197018183768    0,0766191184520721
1201,515    -3,39197018183768    0,0766191184520721
1202,527    -3,31005314365029    0,0380655489861965
1203,538    -3,31005314365029    0,0766191184520721
1204,55    -3,39197018183768    0,114684671163559
1205,562    -3,31005314365029    0,0766191184520721
1206,574    -3,31005314365029    0,0766191184520721
1207,584    -3,39197018183768    0,0766191184520721
1208,595    -3,31005314365029    0,0380655489861965
1209,607    -3,22813587263227    0,0766191184520721
1210,618    -3,39197018183768    0,0766191184520721
1211,63    -3,31005314365029    0,114684671163559
1212,64    -3,22813587263227    0,0766191184520721
1213,652    -3,31005314365029    0,0766191184520721
1214,663    -3,31005314365029    0,114684671163559
1215,676    -3,39197018183768    0,0766191184520721
1216,687    -3,22813587263227    0,0766191184520721
1217,697    -3,31005314365029    0,152750223875046
1218,709    -3,22813587263227    0,0766191184520721
1219,721    -3,39197018183768    0,114684671163559
1220,732    -3,31005314365029    0,0766191184520721
1221,744    -3,31005314365029    0,0766191184520721
1222,755    -3,22813587263227    0,0766191184520721
1223,767    -3,14621883444488    0,0766191184520721
1224,779    -3,14621883444488    0,0766191184520721
1225,79    -3,31005314365029    0,0766191184520721
1226,8    -3,22813587263227    0,0766191184520721
1227,812    -3,22813587263227    0,114684671163559
1228,823    -3,14621883444488    0,0766191184520721
1229,836    -3,22813587263227    0,0766191184520721
1230,845    -3,22813587263227    0,0766191184520721
1231,857    -3,14621883444488    0,114684671163559
1232,868    -3,14621883444488    0,0766191184520721
1233,88    -3,22813587263227    0,0766191184520721
1234,891    -3,14621883444488    0,0766191184520721
1235,903    -3,14621883444488    0,114684671163559
1236,915    -3,22813587263227    0,0766191184520721
1237,925    -3,14621883444488    0,0766191184520721
1238,937    -3,22813587263227    0,114684671163559
1239,948    -3,14621883444488    0,114684671163559
1240,96    -3,31005314365029    0,114684671163559
1241,971    -3,14621883444488    0,0766191184520721
1242,983    -3,22813587263227    0,0766191184520721
1243,994    -3,14621883444488    0,0766191184520721
1245,005    -3,22813587263227    0,0766191184520721
1246,017    -3,22813587263227    0,114684671163559
1247,028    -3,14621883444488    0,0766191184520721
1248,04    -3,14621883444488    0,0766191184520721
1249,051    -3,31005314365029    0,0766191184520721
1250,062    -3,14621883444488    0,0766191184520721
1251,073    -3,14621883444488    0,114684671163559
1252,085    -3,31005314365029    0,0766191184520721
1253,096    -3,22813587263227    0,114684671163559
1254,107    -3,14621883444488    0,114684671163559
1255,119    -3,22813587263227    0,0380655489861965
1256,13    -3,31005314365029    0,114684671163559
1257,142    -3,22813587263227    0,0766191184520721
1258,153    -3,31005314365029    0,0766191184520721
1259,165    -3,14621883444488    0,114684671163559
1260,175    -3,06430156342685    0,114684671163559
1261,187    -3,22813587263227    0,0766191184520721
1262,198    -3,31005314365029    0,0766191184520721
1263,209    -3,14621883444488    0,114684671163559
1264,221    -3,22813587263227    0,0766191184520721
1265,232    -3,14621883444488    0,0766191184520721
1266,244    -3,14621883444488    0,0766191184520721
1267,255    -3,14621883444488    0,114684671163559
1268,267    -3,14621883444488    0,0766191184520721
1269,278    -3,06430156342685    0,114684671163559
1270,288    -3,14621883444488    0,0766191184520721
1271,3    -3,22813587263227    0,114684671163559
1272,311    -3,14621883444488    0,114684671163559
1273,323    -3,14621883444488    0,0380655489861965
1274,334    -3,14621883444488    0,114684671163559
1275,346    -3,14621883444488    0,114684671163559
1276,357    -3,14621883444488    0
1277,369    -3,14621883444488    0,114684671163559
1278,38    -3,22813587263227    0,0766191184520721
1279,391    -3,14621883444488    0,114684671163559
1280,403    -2,98133422620595    0,0766191184520721
1281,414    -2,98133422620595    0,0766191184520721
1282,426    -3,14621883444488    0,0766191184520721
1283,437    -3,14621883444488    0,0766191184520721
1284,449    -3,06430156342685    0,114684671163559